500
2.000000e-02
2.000000e-02	 -4.500000e-01	 -4.669057e-35	 7.610128e-01	 7.610128e-01	 -4.500000e-01
4.000000e-02	 -4.500002e-01	 -7.654573e-07	 7.610145e-01	 7.610137e-01	 -4.499998e-01
6.000000e-02	 -4.500009e-01	 -3.800847e-06	 7.610214e-01	 7.610176e-01	 -4.499991e-01
8.000000e-02	 -4.500025e-01	 -1.056386e-05	 7.610368e-01	 7.610262e-01	 -4.499975e-01
1.000000e-01	 -4.500053e-01	 -2.246626e-05	 7.610638e-01	 7.610413e-01	 -4.499947e-01
1.200000e-01	 -4.500096e-01	 -4.087470e-05	 7.611056e-01	 7.610648e-01	 -4.499904e-01
1.400000e-01	 -4.500158e-01	 -6.711144e-05	 7.611652e-01	 7.610981e-01	 -4.499842e-01
1.600000e-01	 -4.500242e-01	 -1.024549e-04	 7.612455e-01	 7.611430e-01	 -4.499758e-01
1.800000e-01	 -4.500349e-01	 -1.481406e-04	 7.613492e-01	 7.612011e-01	 -4.499651e-01
2.000000e-01	 -4.501471e-01	 -6.234542e-04	 7.624282e-01	 7.618047e-01	 -4.498529e-01
2.200000e-01	 -4.502798e-01	 -1.185046e-03	 7.637030e-01	 7.625179e-01	 -4.497202e-01
2.400000e-01	 -4.504211e-01	 -1.781577e-03	 7.650570e-01	 7.632754e-01	 -4.495789e-01
2.600000e-01	 -4.505723e-01	 -2.418583e-03	 7.665027e-01	 7.640841e-01	 -4.494277e-01
2.800000e-01	 -4.507345e-01	 -3.100341e-03	 7.680499e-01	 7.649496e-01	 -4.492655e-01
3.000000e-01	 -4.509085e-01	 -3.830104e-03	 7.697060e-01	 7.658759e-01	 -4.490915e-01
3.200000e-01	 -4.510951e-01	 -4.610279e-03	 7.714763e-01	 7.668660e-01	 -4.489049e-01
3.400000e-01	 -4.512946e-01	 -5.442580e-03	 7.733649e-01	 7.679223e-01	 -4.487054e-01
3.600000e-01	 -4.515076e-01	 -6.328153e-03	 7.753743e-01	 7.690461e-01	 -4.484924e-01
3.800000e-01	 -4.517344e-01	 -7.267677e-03	 7.775060e-01	 7.702384e-01	 -4.482656e-01
4.000000e-01	 -4.519750e-01	 -8.261447e-03	 7.797609e-01	 7.714995e-01	 -4.480250e-01
4.200000e-01	 -4.522297e-01	 -9.309446e-03	 7.821389e-01	 7.728295e-01	 -4.477703e-01
4.400000e-01	 -4.524986e-01	 -1.041140e-02	 7.846394e-01	 7.742280e-01	 -4.475014e-01
4.600000e-01	 -4.527818e-01	 -1.156681e-02	 7.872613e-01	 7.756945e-01	 -4.472182e-01
4.800000e-01	 -4.530791e-01	 -1.277503e-02	 7.900033e-01	 7.772283e-01	 -4.469209e-01
5.000000e-01	 -4.533907e-01	 -1.403527e-02	 7.928635e-01	 7.788283e-01	 -4.466093e-01
5.200000e-01	 -4.537164e-01	 -1.534660e-02	 7.958400e-01	 7.804934e-01	 -4.462836e-01
5.400000e-01	 -4.540563e-01	 -1.670803e-02	 7.989306e-01	 7.822225e-01	 -4.459437e-01
5.600000e-01	 -4.544103e-01	 -1.811850e-02	 8.021328e-01	 7.840143e-01	 -4.455897e-01
5.800000e-01	 -4.547782e-01	 -1.957686e-02	 8.054442e-01	 7.858673e-01	 -4.452218e-01
6.000000e-01	 -4.551600e-01	 -2.108195e-02	 8.088621e-01	 7.877802e-01	 -4.448400e-01
6.200000e-01	 -4.555557e-01	 -2.263256e-02	 8.123840e-01	 7.897515e-01	 -4.444443e-01
6.400000e-01	 -4.559650e-01	 -2.422746e-02	 8.160071e-01	 7.917797e-01	 -4.440350e-01
6.600000e-01	 -4.563879e-01	 -2.586541e-02	 8.197286e-01	 7.938632e-01	 -4.436121e-01
6.800000e-01	 -4.568243e-01	 -2.754515e-02	 8.235458e-01	 7.960006e-01	 -4.431757e-01
7.000000e-01	 -4.572741e-01	 -2.926543e-02	 8.274558e-01	 7.981904e-01	 -4.427259e-01
7.200000e-01	 -4.577371e-01	 -3.102498e-02	 8.314559e-01	 8.004309e-01	 -4.422629e-01
7.400000e-01	 -4.582133e-01	 -3.282254e-02	 8.355432e-01	 8.027206e-01	 -4.417867e-01
7.600000e-01	 -4.587025e-01	 -3.465688e-02	 8.397150e-01	 8.050581e-01	 -4.412975e-01
7.800000e-01	 -4.592046e-01	 -3.652674e-02	 8.439685e-01	 8.074418e-01	 -4.407954e-01
8.000000e-01	 -4.597196e-01	 -3.843091e-02	 8.483010e-01	 8.098701e-01	 -4.402804e-01
8.200000e-01	 -4.602472e-01	 -4.036818e-02	 8.527099e-01	 8.123417e-01	 -4.397528e-01
8.400000e-01	 -4.607874e-01	 -4.233734e-02	 8.571923e-01	 8.148550e-01	 -4.392126e-01
8.600000e-01	 -4.613401e-01	 -4.433722e-02	 8.617458e-01	 8.174085e-01	 -4.386599e-01
8.800000e-01	 -4.619051e-01	 -4.636666e-02	 8.663676e-01	 8.200010e-01	 -4.380949e-01
9.000000e-01	 -4.624824e-01	 -4.842452e-02	 8.710553e-01	 8.226308e-01	 -4.375176e-01
9.200000e-01	 -4.630718e-01	 -5.050968e-02	 8.758063e-01	 8.252967e-01	 -4.369282e-01
9.400000e-01	 -4.636732e-01	 -5.262105e-02	 8.806182e-01	 8.279972e-01	 -4.363268e-01
9.600000e-01	 -4.642865e-01	 -5.475753e-02	 8.854886e-01	 8.307311e-01	 -4.357135e-01
9.800000e-01	 -4.649116e-01	 -5.691809e-02	 8.904150e-01	 8.334969e-01	 -4.350884e-01
1	 -4.655484e-01	 -5.910167e-02	 8.953952e-01	 8.362935e-01	 -4.344516e-01
1.020000e+00	 -4.661968e-01	 -6.130729e-02	 9.004268e-01	 8.391195e-01	 -4.338032e-01
1.040000e+00	 -4.668566e-01	 -6.353394e-02	 9.055077e-01	 8.419737e-01	 -4.331434e-01
1.060000e+00	 -4.675278e-01	 -6.578066e-02	 9.106356e-01	 8.448549e-01	 -4.324722e-01
1.080000e+00	 -4.682103e-01	 -6.804651e-02	 9.158083e-01	 8.477618e-01	 -4.317897e-01
1.100000e+00	 -4.689039e-01	 -7.033057e-02	 9.210239e-01	 8.506934e-01	 -4.310961e-01
1.120000e+00	 -4.696086e-01	 -7.263195e-02	 9.262803e-01	 8.536483e-01	 -4.303914e-01
1.140000e+00	 -4.703242e-01	 -7.494975e-02	 9.315753e-01	 8.566256e-01	 -4.296758e-01
1.160000e+00	 -4.710506e-01	 -7.728315e-02	 9.369072e-01	 8.596240e-01	 -4.289494e-01
1.180000e+00	 -4.717878e-01	 -7.963129e-02	 9.422739e-01	 8.626426e-01	 -4.282122e-01
1.200000e+00	 -4.725356e-01	 -8.199338e-02	 9.476737e-01	 8.656803e-01	 -4.274644e-01
1.220000e+00	 -4.732939e-01	 -8.436862e-02	 9.531046e-01	 8.687360e-01	 -4.267061e-01
1.240000e+00	 -4.740627e-01	 -8.675626e-02	 9.585650e-01	 8.718087e-01	 -4.259373e-01
1.260000e+00	 -4.748417e-01	 -8.915553e-02	 9.640531e-01	 8.748975e-01	 -4.251583e-01
1.280000e+00	 -4.756310e-01	 -9.156573e-02	 9.695671e-01	 8.780014e-01	 -4.243690e-01
1.300000e+00	 -4.764303e-01	 -9.398615e-02	 9.751055e-01	 8.811193e-01	 -4.235697e-01
1.320000e+00	 -4.772397e-01	 -9.641609e-02	 9.806666e-01	 8.842505e-01	 -4.227603e-01
1.340000e+00	 -4.780590e-01	 -9.885490e-02	 9.862489e-01	 8.873940e-01	 -4.219410e-01
1.360000e+00	 -4.788881e-01	 -1.013019e-01	 9.918508e-01	 8.905489e-01	 -4.211119e-01
1.380000e+00	 -4.797268e-01	 -1.037566e-01	 9.974709e-01	 8.937143e-01	 -4.202732e-01
1.400000e+00	 -4.805752e-01	 -1.062182e-01	 1.003108e+00	 8.968895e-01	 -4.194248e-01
1.420000e+00	 -4.814330e-01	 -1.086862e-01	 1.008760e+00	 9.000735e-01	 -4.185670e-01
1.440000e+00	 -4.823002e-01	 -1.111600e-01	 1.014426e+00	 9.032656e-01	 -4.176998e-01
1.460000e+00	 -4.831767e-01	 -1.136391e-01	 1.020104e+00	 9.064650e-01	 -4.168233e-01
1.480000e+00	 -4.840623e-01	 -1.161229e-01	 1.025794e+00	 9.096709e-01	 -4.159377e-01
1.500000e+00	 -4.849570e-01	 -1.186109e-01	 1.031494e+00	 9.128826e-01	 -4.150430e-01
1.520000e+00	 -4.858607e-01	 -1.211026e-01	 1.037202e+00	 9.160993e-01	 -4.141393e-01
1.540000e+00	 -4.867732e-01	 -1.235976e-01	 1.042918e+00	 9.193204e-01	 -4.132268e-01
1.560000e+00	 -4.876945e-01	 -1.260952e-01	 1.048640e+00	 9.225450e-01	 -4.123055e-01
1.580000e+00	 -4.886244e-01	 -1.285952e-01	 1.054368e+00	 9.257726e-01	 -4.113756e-01
1.600000e+00	 -4.895628e-01	 -1.310970e-01	 1.060099e+00	 9.290024e-01	 -4.104372e-01
1.620000e+00	 -4.905096e-01	 -1.336001e-01	 1.065834e+00	 9.322338e-01	 -4.094904e-01
1.640000e+00	 -4.914648e-01	 -1.361043e-01	 1.071570e+00	 9.354661e-01	 -4.085352e-01
1.660000e+00	 -4.924281e-01	 -1.386090e-01	 1.077308e+00	 9.386988e-01	 -4.075719e-01
1.680000e+00	 -4.933996e-01	 -1.411140e-01	 1.083045e+00	 9.419312e-01	 -4.066004e-01
1.700000e+00	 -4.943790e-01	 -1.436188e-01	 1.088781e+00	 9.451626e-01	 -4.056210e-01
1.720000e+00	 -4.953663e-01	 -1.461230e-01	 1.094516e+00	 9.483926e-01	 -4.046337e-01
1.740000e+00	 -4.963613e-01	 -1.486263e-01	 1.100247e+00	 9.516205e-01	 -4.036387e-01
1.760000e+00	 -4.973640e-01	 -1.511284e-01	 1.105974e+00	 9.548458e-01	 -4.026360e-01
1.780000e+00	 -4.983742e-01	 -1.536289e-01	 1.111697e+00	 9.580679e-01	 -4.016258e-01
1.800000e+00	 -4.993919e-01	 -1.561275e-01	 1.117414e+00	 9.612863e-01	 -4.006081e-01
1.820000e+00	 -5.004168e-01	 -1.586240e-01	 1.123124e+00	 9.645005e-01	 -3.995832e-01
1.840000e+00	 -5.014489e-01	 -1.611180e-01	 1.128828e+00	 9.677099e-01	 -3.985511e-01
1.860000e+00	 -5.024881e-01	 -1.636092e-01	 1.134523e+00	 9.709140e-01	 -3.975119e-01
1.880000e+00	 -5.035342e-01	 -1.660974e-01	 1.140210e+00	 9.741123e-01	 -3.964658e-01
1.900000e+00	 -5.045871e-01	 -1.685823e-01	 1.145887e+00	 9.773044e-01	 -3.954129e-01
1.920000e+00	 -5.056467e-01	 -1.710636e-01	 1.151553e+00	 9.804897e-01	 -3.943533e-01
1.940000e+00	 -5.067129e-01	 -1.735412e-01	 1.157209e+00	 9.836678e-01	 -3.932871e-01
1.960000e+00	 -5.077856e-01	 -1.760147e-01	 1.162853e+00	 9.868383e-01	 -3.922144e-01
1.980000e+00	 -5.088646e-01	 -1.784839e-01	 1.168485e+00	 9.900007e-01	 -3.911354e-01
2	 -5.099498e-01	 -1.809487e-01	 1.174103e+00	 9.931545e-01	 -3.900502e-01
2.020000e+00	 -5.110410e-01	 -1.834088e-01	 1.179708e+00	 9.962994e-01	 -3.889590e-01
2.040000e+00	 -5.121383e-01	 -1.858640e-01	 1.185299e+00	 9.994348e-01	 -3.878617e-01
2.060000e+00	 -5.132413e-01	 -1.883142e-01	 1.190875e+00	 1.002560e+00	 -3.867587e-01
2.080000e+00	 -5.143501e-01	 -1.907590e-01	 1.196435e+00	 1.005676e+00	 -3.856499e-01
2.100000e+00	 -5.154644e-01	 -1.931985e-01	 1.201979e+00	 1.008781e+00	 -3.845356e-01
2.120000e+00	 -5.165841e-01	 -1.956323e-01	 1.207507e+00	 1.011874e+00	 -3.834159e-01
2.140000e+00	 -5.177092e-01	 -1.980604e-01	 1.213017e+00	 1.014957e+00	 -3.822908e-01
2.160000e+00	 -5.188394e-01	 -2.004825e-01	 1.218510e+00	 1.018027e+00	 -3.811606e-01
2.180000e+00	 -5.199746e-01	 -2.028985e-01	 1.223984e+00	 1.021086e+00	 -3.800254e-01
2.200000e+00	 -5.211147e-01	 -2.053084e-01	 1.229440e+00	 1.024132e+00	 -3.788853e-01
2.220000e+00	 -5.222596e-01	 -2.077119e-01	 1.234877e+00	 1.027165e+00	 -3.777404e-01
2.240000e+00	 -5.234091e-01	 -2.101089e-01	 1.240294e+00	 1.030185e+00	 -3.765909e-01
2.260000e+00	 -5.245630e-01	 -2.124992e-01	 1.245690e+00	 1.033191e+00	 -3.754370e-01
2.280000e+00	 -5.257213e-01	 -2.148829e-01	 1.251067e+00	 1.036184e+00	 -3.742787e-01
2.300000e+00	 -5.268837e-01	 -2.172597e-01	 1.256422e+00	 1.039162e+00	 -3.731163e-01
2.320000e+00	 -5.280502e-01	 -2.196296e-01	 1.261755e+00	 1.042125e+00	 -3.719498e-01
2.340000e+00	 -5.292205e-01	 -2.219925e-01	 1.267067e+00	 1.045074e+00	 -3.707795e-01
2.360000e+00	 -5.303946e-01	 -2.243482e-01	 1.272356e+00	 1.048008e+00	 -3.696054e-01
2.380000e+00	 -5.315723e-01	 -2.266966e-01	 1.277622e+00	 1.050926e+00	 -3.684277e-01
2.400000e+00	 -5.327535e-01	 -2.290378e-01	 1.282866e+00	 1.053828e+00	 -3.672465e-01
2.420000e+00	 -5.339379e-01	 -2.313715e-01	 1.288086e+00	 1.056714e+00	 -3.660621e-01
2.440000e+00	 -5.351254e-01	 -2.336978e-01	 1.293282e+00	 1.059584e+00	 -3.648746e-01
2.460000e+00	 -5.363159e-01	 -2.360165e-01	 1.298454e+00	 1.062437e+00	 -3.636841e-01
2.480000e+00	 -5.375093e-01	 -2.383276e-01	 1.303601e+00	 1.065273e+00	 -3.624907e-01
2.500000e+00	 -5.387053e-01	 -2.406310e-01	 1.308723e+00	 1.068092e+00	 -3.612947e-01
2.520000e+00	 -5.399038e-01	 -2.429267e-01	 1.313820e+00	 1.070893e+00	 -3.600962e-01
2.540000e+00	 -5.411046e-01	 -2.452146e-01	 1.318891e+00	 1.073677e+00	 -3.588954e-01
2.560000e+00	 -5.423076e-01	 -2.474947e-01	 1.323937e+00	 1.076442e+00	 -3.576924e-01
2.580000e+00	 -5.435127e-01	 -2.497668e-01	 1.328956e+00	 1.079189e+00	 -3.564873e-01
2.600000e+00	 -5.447195e-01	 -2.520311e-01	 1.333949e+00	 1.081918e+00	 -3.552805e-01
2.620000e+00	 -5.459281e-01	 -2.542873e-01	 1.338915e+00	 1.084627e+00	 -3.540719e-01
2.640000e+00	 -5.471382e-01	 -2.565355e-01	 1.343854e+00	 1.087318e+00	 -3.528618e-01
2.660000e+00	 -5.483496e-01	 -2.587757e-01	 1.348765e+00	 1.089989e+00	 -3.516504e-01
2.680000e+00	 -5.495622e-01	 -2.610078e-01	 1.353649e+00	 1.092641e+00	 -3.504378e-01
2.700000e+00	 -5.507758e-01	 -2.632318e-01	 1.358505e+00	 1.095273e+00	 -3.492242e-01
2.720000e+00	 -5.519902e-01	 -2.654477e-01	 1.363332e+00	 1.097885e+00	 -3.480098e-01
2.740000e+00	 -5.532052e-01	 -2.676554e-01	 1.368131e+00	 1.100476e+00	 -3.467948e-01
2.760000e+00	 -5.544208e-01	 -2.698549e-01	 1.372902e+00	 1.103047e+00	 -3.455792e-01
2.780000e+00	 -5.556366e-01	 -2.720462e-01	 1.377643e+00	 1.105597e+00	 -3.443634e-01
2.800000e+00	 -5.568526e-01	 -2.742294e-01	 1.382356e+00	 1.108126e+00	 -3.431474e-01
2.820000e+00	 -5.580685e-01	 -2.764043e-01	 1.387039e+00	 1.110634e+00	 -3.419315e-01
2.840000e+00	 -5.592841e-01	 -2.785710e-01	 1.391692e+00	 1.113121e+00	 -3.407159e-01
2.860000e+00	 -5.604993e-01	 -2.807295e-01	 1.396316e+00	 1.115586e+00	 -3.395007e-01
2.880000e+00	 -5.617139e-01	 -2.828797e-01	 1.400909e+00	 1.118030e+00	 -3.382861e-01
2.900000e+00	 -5.629278e-01	 -2.850217e-01	 1.405473e+00	 1.120451e+00	 -3.370722e-01
2.920000e+00	 -5.641406e-01	 -2.871555e-01	 1.410005e+00	 1.122850e+00	 -3.358594e-01
2.940000e+00	 -5.653523e-01	 -2.892810e-01	 1.414508e+00	 1.125227e+00	 -3.346477e-01
2.960000e+00	 -5.665626e-01	 -2.913983e-01	 1.418979e+00	 1.127581e+00	 -3.334374e-01
2.980000e+00	 -5.677714e-01	 -2.935074e-01	 1.423419e+00	 1.129912e+00	 -3.322286e-01
3	 -5.689784e-01	 -2.956082e-01	 1.427828e+00	 1.132220e+00	 -3.310216e-01
3.020000e+00	 -5.701835e-01	 -2.977008e-01	 1.432206e+00	 1.134505e+00	 -3.298165e-01
3.040000e+00	 -5.713865e-01	 -2.997852e-01	 1.436552e+00	 1.136767e+00	 -3.286135e-01
3.060000e+00	 -5.725872e-01	 -3.018615e-01	 1.440867e+00	 1.139005e+00	 -3.274128e-01
3.080000e+00	 -5.737854e-01	 -3.039295e-01	 1.445149e+00	 1.141220e+00	 -3.262146e-01
3.100000e+00	 -5.749808e-01	 -3.059894e-01	 1.449400e+00	 1.143411e+00	 -3.250192e-01
3.120000e+00	 -5.761734e-01	 -3.080411e-01	 1.453618e+00	 1.145577e+00	 -3.238266e-01
3.140000e+00	 -5.773629e-01	 -3.100847e-01	 1.457804e+00	 1.147720e+00	 -3.226371e-01
3.160000e+00	 -5.785490e-01	 -3.121202e-01	 1.461958e+00	 1.149838e+00	 -3.214510e-01
3.180000e+00	 -5.797317e-01	 -3.141475e-01	 1.466079e+00	 1.151931e+00	 -3.202683e-01
3.200000e+00	 -5.809107e-01	 -3.161668e-01	 1.470167e+00	 1.154000e+00	 -3.190893e-01
3.220000e+00	 -5.820858e-01	 -3.181781e-01	 1.474222e+00	 1.156044e+00	 -3.179142e-01
3.240000e+00	 -5.832568e-01	 -3.201812e-01	 1.478244e+00	 1.158063e+00	 -3.167432e-01
3.260000e+00	 -5.844235e-01	 -3.221764e-01	 1.482233e+00	 1.160057e+00	 -3.155765e-01
3.280000e+00	 -5.855857e-01	 -3.241636e-01	 1.486189e+00	 1.162025e+00	 -3.144143e-01
3.300000e+00	 -5.867432e-01	 -3.261427e-01	 1.490111e+00	 1.163968e+00	 -3.132568e-01
3.320000e+00	 -5.878958e-01	 -3.281140e-01	 1.494000e+00	 1.165886e+00	 -3.121042e-01
3.340000e+00	 -5.890433e-01	 -3.300773e-01	 1.497855e+00	 1.167777e+00	 -3.109567e-01
3.360000e+00	 -5.901855e-01	 -3.320327e-01	 1.501676e+00	 1.169643e+00	 -3.098145e-01
3.380000e+00	 -5.913221e-01	 -3.339802e-01	 1.505463e+00	 1.171483e+00	 -3.086779e-01
3.400000e+00	 -5.924531e-01	 -3.359198e-01	 1.509217e+00	 1.173297e+00	 -3.075469e-01
3.420000e+00	 -5.935781e-01	 -3.378516e-01	 1.512936e+00	 1.175084e+00	 -3.064219e-01
3.440000e+00	 -5.946971e-01	 -3.397756e-01	 1.516621e+00	 1.176845e+00	 -3.053029e-01
3.460000e+00	 -5.958097e-01	 -3.416919e-01	 1.520272e+00	 1.178580e+00	 -3.041903e-01
3.480000e+00	 -5.969157e-01	 -3.436003e-01	 1.523888e+00	 1.180288e+00	 -3.030843e-01
3.500000e+00	 -5.980150e-01	 -3.455010e-01	 1.527470e+00	 1.181969e+00	 -3.019850e-01
3.520000e+00	 -5.991074e-01	 -3.473940e-01	 1.531017e+00	 1.183623e+00	 -3.008926e-01
3.540000e+00	 -6.001926e-01	 -3.492793e-01	 1.534530e+00	 1.185251e+00	 -2.998074e-01
3.560000e+00	 -6.012705e-01	 -3.511570e-01	 1.538008e+00	 1.186851e+00	 -2.987295e-01
3.580000e+00	 -6.023409e-01	 -3.530270e-01	 1.541451e+00	 1.188424e+00	 -2.976591e-01
3.600000e+00	 -6.034034e-01	 -3.548894e-01	 1.544859e+00	 1.189969e+00	 -2.965966e-01
3.620000e+00	 -6.044580e-01	 -3.567442e-01	 1.548232e+00	 1.191488e+00	 -2.955420e-01
3.640000e+00	 -6.055045e-01	 -3.585914e-01	 1.551570e+00	 1.192979e+00	 -2.944955e-01
3.660000e+00	 -6.065426e-01	 -3.604311e-01	 1.554873e+00	 1.194442e+00	 -2.934574e-01
3.680000e+00	 -6.075721e-01	 -3.622632e-01	 1.558140e+00	 1.195877e+00	 -2.924279e-01
3.700000e+00	 -6.085929e-01	 -3.640878e-01	 1.561373e+00	 1.197285e+00	 -2.914071e-01
3.720000e+00	 -6.096047e-01	 -3.659049e-01	 1.564570e+00	 1.198665e+00	 -2.903953e-01
3.740000e+00	 -6.106073e-01	 -3.677146e-01	 1.567731e+00	 1.200016e+00	 -2.893927e-01
3.760000e+00	 -6.116006e-01	 -3.695168e-01	 1.570857e+00	 1.201340e+00	 -2.883994e-01
3.780000e+00	 -6.125843e-01	 -3.713116e-01	 1.573947e+00	 1.202636e+00	 -2.874157e-01
3.800000e+00	 -6.135582e-01	 -3.730989e-01	 1.577002e+00	 1.203903e+00	 -2.864418e-01
3.820000e+00	 -6.145222e-01	 -3.748789e-01	 1.580021e+00	 1.205142e+00	 -2.854778e-01
3.840000e+00	 -6.154760e-01	 -3.766514e-01	 1.583004e+00	 1.206353e+00	 -2.845240e-01
3.860000e+00	 -6.164195e-01	 -3.784166e-01	 1.585951e+00	 1.207535e+00	 -2.835805e-01
3.880000e+00	 -6.173525e-01	 -3.801745e-01	 1.588863e+00	 1.208688e+00	 -2.826475e-01
3.900000e+00	 -6.182748e-01	 -3.819249e-01	 1.591738e+00	 1.209814e+00	 -2.817252e-01
3.920000e+00	 -6.191861e-01	 -3.836681e-01	 1.594578e+00	 1.210910e+00	 -2.808139e-01
3.940000e+00	 -6.200863e-01	 -3.854039e-01	 1.597381e+00	 1.211978e+00	 -2.799137e-01
3.960000e+00	 -6.209753e-01	 -3.871324e-01	 1.600149e+00	 1.213016e+00	 -2.790247e-01
3.980000e+00	 -6.218528e-01	 -3.888535e-01	 1.602880e+00	 1.214026e+00	 -2.781472e-01
4	 -6.227186e-01	 -3.905674e-01	 1.605575e+00	 1.215007e+00	 -2.772814e-01
4.020000e+00	 -6.235725e-01	 -3.922739e-01	 1.608234e+00	 1.215960e+00	 -2.764275e-01
4.040000e+00	 -6.244145e-01	 -3.939732e-01	 1.610856e+00	 1.216883e+00	 -2.755855e-01
4.060000e+00	 -6.252443e-01	 -3.956652e-01	 1.613442e+00	 1.217777e+00	 -2.747557e-01
4.080000e+00	 -6.260617e-01	 -3.973498e-01	 1.615991e+00	 1.218642e+00	 -2.739383e-01
4.100000e+00	 -6.268665e-01	 -3.990272e-01	 1.618505e+00	 1.219477e+00	 -2.731335e-01
4.120000e+00	 -6.276587e-01	 -4.006972e-01	 1.620981e+00	 1.220284e+00	 -2.723413e-01
4.140000e+00	 -6.284379e-01	 -4.023600e-01	 1.623421e+00	 1.221061e+00	 -2.715621e-01
4.160000e+00	 -6.292041e-01	 -4.040154e-01	 1.625825e+00	 1.221809e+00	 -2.707959e-01
4.180000e+00	 -6.299571e-01	 -4.056635e-01	 1.628192e+00	 1.222528e+00	 -2.700429e-01
4.200000e+00	 -6.306967e-01	 -4.073043e-01	 1.630522e+00	 1.223217e+00	 -2.693033e-01
4.220000e+00	 -6.314227e-01	 -4.089378e-01	 1.632815e+00	 1.223877e+00	 -2.685773e-01
4.240000e+00	 -6.321351e-01	 -4.105639e-01	 1.635072e+00	 1.224508e+00	 -2.678649e-01
4.260000e+00	 -6.328336e-01	 -4.121826e-01	 1.637292e+00	 1.225109e+00	 -2.671664e-01
4.280000e+00	 -6.335180e-01	 -4.137940e-01	 1.639475e+00	 1.225681e+00	 -2.664820e-01
4.300000e+00	 -6.341883e-01	 -4.153980e-01	 1.641621e+00	 1.226223e+00	 -2.658117e-01
4.320000e+00	 -6.348443e-01	 -4.169945e-01	 1.643730e+00	 1.226736e+00	 -2.651557e-01
4.340000e+00	 -6.354859e-01	 -4.185836e-01	 1.645802e+00	 1.227219e+00	 -2.645141e-01
4.360000e+00	 -6.361128e-01	 -4.201653e-01	 1.647838e+00	 1.227673e+00	 -2.638872e-01
4.380000e+00	 -6.367250e-01	 -4.217394e-01	 1.649836e+00	 1.228097e+00	 -2.632750e-01
4.400000e+00	 -6.373224e-01	 -4.233061e-01	 1.651797e+00	 1.228491e+00	 -2.626776e-01
4.420000e+00	 -6.379047e-01	 -4.248652e-01	 1.653721e+00	 1.228856e+00	 -2.620953e-01
4.440000e+00	 -6.384719e-01	 -4.264168e-01	 1.655608e+00	 1.229192e+00	 -2.615281e-01
4.460000e+00	 -6.390238e-01	 -4.279608e-01	 1.657458e+00	 1.229498e+00	 -2.609762e-01
4.480000e+00	 -6.395603e-01	 -4.294971e-01	 1.659271e+00	 1.229774e+00	 -2.604397e-01
4.500000e+00	 -6.400813e-01	 -4.310258e-01	 1.661046e+00	 1.230021e+00	 -2.599187e-01
4.520000e+00	 -6.405867e-01	 -4.325467e-01	 1.662784e+00	 1.230238e+00	 -2.594133e-01
4.540000e+00	 -6.410764e-01	 -4.340599e-01	 1.664485e+00	 1.230425e+00	 -2.589236e-01
4.560000e+00	 -6.415501e-01	 -4.355654e-01	 1.666149e+00	 1.230583e+00	 -2.584499e-01
4.580000e+00	 -6.420079e-01	 -4.370630e-01	 1.667775e+00	 1.230712e+00	 -2.579921e-01
4.600000e+00	 -6.424497e-01	 -4.385527e-01	 1.669364e+00	 1.230811e+00	 -2.575503e-01
4.620000e+00	 -6.428753e-01	 -4.400345e-01	 1.670915e+00	 1.230880e+00	 -2.571247e-01
4.640000e+00	 -6.432846e-01	 -4.415084e-01	 1.672429e+00	 1.230920e+00	 -2.567154e-01
4.660000e+00	 -6.436775e-01	 -4.429742e-01	 1.673905e+00	 1.230931e+00	 -2.563225e-01
4.680000e+00	 -6.440540e-01	 -4.444320e-01	 1.675344e+00	 1.230912e+00	 -2.559460e-01
4.700000e+00	 -6.444139e-01	 -4.458816e-01	 1.676745e+00	 1.230863e+00	 -2.555861e-01
4.720000e+00	 -6.447573e-01	 -4.473231e-01	 1.678108e+00	 1.230785e+00	 -2.552427e-01
4.740000e+00	 -6.450839e-01	 -4.487563e-01	 1.679434e+00	 1.230678e+00	 -2.549161e-01
4.760000e+00	 -6.453937e-01	 -4.501812e-01	 1.680723e+00	 1.230541e+00	 -2.546063e-01
4.780000e+00	 -6.456867e-01	 -4.515977e-01	 1.681973e+00	 1.230376e+00	 -2.543133e-01
4.800000e+00	 -6.459628e-01	 -4.530059e-01	 1.683186e+00	 1.230180e+00	 -2.540372e-01
4.820000e+00	 -6.462219e-01	 -4.544055e-01	 1.684361e+00	 1.229956e+00	 -2.537781e-01
4.840000e+00	 -6.464640e-01	 -4.557965e-01	 1.685499e+00	 1.229702e+00	 -2.535360e-01
4.860000e+00	 -6.466889e-01	 -4.571790e-01	 1.686598e+00	 1.229419e+00	 -2.533111e-01
4.880000e+00	 -6.468967e-01	 -4.585527e-01	 1.687660e+00	 1.229107e+00	 -2.531033e-01
4.900000e+00	 -6.470873e-01	 -4.599176e-01	 1.688684e+00	 1.228766e+00	 -2.529127e-01
4.920000e+00	 -6.472607e-01	 -4.612737e-01	 1.689670e+00	 1.228396e+00	 -2.527393e-01
4.940000e+00	 -6.474167e-01	 -4.626209e-01	 1.690618e+00	 1.227997e+00	 -2.525833e-01
4.960000e+00	 -6.475555e-01	 -4.639590e-01	 1.691528e+00	 1.227569e+00	 -2.524445e-01
4.980000e+00	 -6.476769e-01	 -4.652880e-01	 1.692400e+00	 1.227112e+00	 -2.523231e-01
5	 -6.477809e-01	 -4.666079e-01	 1.693234e+00	 1.226626e+00	 -2.522191e-01
5.020000e+00	 -6.478675e-01	 -4.679185e-01	 1.694030e+00	 1.226111e+00	 -2.521325e-01
5.040000e+00	 -6.479367e-01	 -4.692197e-01	 1.694788e+00	 1.225568e+00	 -2.520633e-01
5.060000e+00	 -6.479884e-01	 -4.705115e-01	 1.695507e+00	 1.224996e+00	 -2.520116e-01
5.080000e+00	 -6.480227e-01	 -4.717938e-01	 1.696189e+00	 1.224395e+00	 -2.519773e-01
5.100000e+00	 -6.480395e-01	 -4.730664e-01	 1.696832e+00	 1.223766e+00	 -2.519605e-01
5.120000e+00	 -6.480389e-01	 -4.743294e-01	 1.697438e+00	 1.223108e+00	 -2.519611e-01
5.140000e+00	 -6.480208e-01	 -4.755825e-01	 1.698005e+00	 1.222422e+00	 -2.519792e-01
5.160000e+00	 -6.479852e-01	 -4.768257e-01	 1.698533e+00	 1.221708e+00	 -2.520148e-01
5.180000e+00	 -6.479322e-01	 -4.780589e-01	 1.699024e+00	 1.220965e+00	 -2.520678e-01
5.200000e+00	 -6.478617e-01	 -4.792820e-01	 1.699476e+00	 1.220194e+00	 -2.521383e-01
5.220000e+00	 -6.477738e-01	 -4.804948e-01	 1.699890e+00	 1.219395e+00	 -2.522262e-01
5.240000e+00	 -6.476685e-01	 -4.816974e-01	 1.700266e+00	 1.218568e+00	 -2.523315e-01
5.260000e+00	 -6.475458e-01	 -4.828895e-01	 1.700603e+00	 1.217713e+00	 -2.524542e-01
5.280000e+00	 -6.474057e-01	 -4.840711e-01	 1.700901e+00	 1.216830e+00	 -2.525943e-01
5.300000e+00	 -6.472484e-01	 -4.852420e-01	 1.701162e+00	 1.215920e+00	 -2.527516e-01
5.320000e+00	 -6.470737e-01	 -4.864022e-01	 1.701383e+00	 1.214981e+00	 -2.529263e-01
5.340000e+00	 -6.468819e-01	 -4.875516e-01	 1.701567e+00	 1.214015e+00	 -2.531181e-01
5.360000e+00	 -6.466728e-01	 -4.886899e-01	 1.701712e+00	 1.213022e+00	 -2.533272e-01
5.380000e+00	 -6.464466e-01	 -4.898172e-01	 1.701818e+00	 1.212001e+00	 -2.535534e-01
5.400000e+00	 -6.462032e-01	 -4.909333e-01	 1.701886e+00	 1.210952e+00	 -2.537968e-01
5.420000e+00	 -6.459429e-01	 -4.920381e-01	 1.701915e+00	 1.209877e+00	 -2.540571e-01
5.440000e+00	 -6.456656e-01	 -4.931314e-01	 1.701905e+00	 1.208774e+00	 -2.543344e-01
5.460000e+00	 -6.453713e-01	 -4.942131e-01	 1.701857e+00	 1.207644e+00	 -2.546287e-01
5.480000e+00	 -6.450602e-01	 -4.952832e-01	 1.701770e+00	 1.206487e+00	 -2.549398e-01
5.500000e+00	 -6.447323e-01	 -4.963415e-01	 1.701645e+00	 1.205303e+00	 -2.552677e-01
5.520000e+00	 -6.443878e-01	 -4.973879e-01	 1.701481e+00	 1.204093e+00	 -2.556122e-01
5.540000e+00	 -6.440266e-01	 -4.984222e-01	 1.701278e+00	 1.202856e+00	 -2.559734e-01
5.560000e+00	 -6.436489e-01	 -4.994443e-01	 1.701037e+00	 1.201592e+00	 -2.563511e-01
5.580000e+00	 -6.432547e-01	 -5.004542e-01	 1.700756e+00	 1.200302e+00	 -2.567453e-01
5.600000e+00	 -6.428442e-01	 -5.014516e-01	 1.700437e+00	 1.198986e+00	 -2.571558e-01
5.620000e+00	 -6.424174e-01	 -5.024365e-01	 1.700079e+00	 1.197643e+00	 -2.575826e-01
5.640000e+00	 -6.419745e-01	 -5.034087e-01	 1.699683e+00	 1.196274e+00	 -2.580255e-01
5.660000e+00	 -6.415155e-01	 -5.043681e-01	 1.699247e+00	 1.194879e+00	 -2.584845e-01
5.680000e+00	 -6.410405e-01	 -5.053146e-01	 1.698773e+00	 1.193459e+00	 -2.589595e-01
5.700000e+00	 -6.405497e-01	 -5.062480e-01	 1.698260e+00	 1.192012e+00	 -2.594503e-01
5.720000e+00	 -6.400431e-01	 -5.071682e-01	 1.697708e+00	 1.190540e+00	 -2.599569e-01
5.740000e+00	 -6.395210e-01	 -5.080751e-01	 1.697118e+00	 1.189043e+00	 -2.604790e-01
5.760000e+00	 -6.389833e-01	 -5.089685e-01	 1.696488e+00	 1.187520e+00	 -2.610167e-01
5.780000e+00	 -6.384302e-01	 -5.098483e-01	 1.695820e+00	 1.185971e+00	 -2.615698e-01
5.800000e+00	 -6.378619e-01	 -5.107144e-01	 1.695112e+00	 1.184398e+00	 -2.621381e-01
5.820000e+00	 -6.372784e-01	 -5.115667e-01	 1.694366e+00	 1.182800e+00	 -2.627216e-01
5.840000e+00	 -6.366800e-01	 -5.124050e-01	 1.693581e+00	 1.181176e+00	 -2.633200e-01
5.860000e+00	 -6.360667e-01	 -5.132291e-01	 1.692757e+00	 1.179528e+00	 -2.639333e-01
5.880000e+00	 -6.354386e-01	 -5.140390e-01	 1.691895e+00	 1.177856e+00	 -2.645614e-01
5.900000e+00	 -6.347960e-01	 -5.148345e-01	 1.690993e+00	 1.176158e+00	 -2.652040e-01
5.920000e+00	 -6.341389e-01	 -5.156155e-01	 1.690052e+00	 1.174437e+00	 -2.658611e-01
5.940000e+00	 -6.334675e-01	 -5.163819e-01	 1.689073e+00	 1.172691e+00	 -2.665325e-01
5.960000e+00	 -6.327820e-01	 -5.171334e-01	 1.688055e+00	 1.170921e+00	 -2.672180e-01
5.980000e+00	 -6.320825e-01	 -5.178701e-01	 1.686998e+00	 1.169128e+00	 -2.679175e-01
6	 -6.313691e-01	 -5.185917e-01	 1.685902e+00	 1.167310e+00	 -2.686309e-01
6.020000e+00	 -6.306420e-01	 -5.192981e-01	 1.684767e+00	 1.165469e+00	 -2.693580e-01
6.040000e+00	 -6.299014e-01	 -5.199891e-01	 1.683593e+00	 1.163604e+00	 -2.700986e-01
6.060000e+00	 -6.291474e-01	 -5.206648e-01	 1.682381e+00	 1.161716e+00	 -2.708526e-01
6.080000e+00	 -6.283802e-01	 -5.213248e-01	 1.681130e+00	 1.159805e+00	 -2.716198e-01
6.100000e+00	 -6.276000e-01	 -5.219692e-01	 1.679840e+00	 1.157870e+00	 -2.724000e-01
6.120000e+00	 -6.268069e-01	 -5.225977e-01	 1.678511e+00	 1.155913e+00	 -2.731931e-01
6.140000e+00	 -6.260011e-01	 -5.232102e-01	 1.677143e+00	 1.153933e+00	 -2.739989e-01
6.160000e+00	 -6.251828e-01	 -5.238067e-01	 1.675737e+00	 1.151930e+00	 -2.748172e-01
6.180000e+00	 -6.243521e-01	 -5.243869e-01	 1.674292e+00	 1.149905e+00	 -2.756479e-01
6.200000e+00	 -6.235092e-01	 -5.249507e-01	 1.672809e+00	 1.147858e+00	 -2.764908e-01
6.220000e+00	 -6.226543e-01	 -5.254981e-01	 1.671286e+00	 1.145788e+00	 -2.773457e-01
6.240000e+00	 -6.217876e-01	 -5.260289e-01	 1.669726e+00	 1.143697e+00	 -2.782124e-01
6.260000e+00	 -6.209092e-01	 -5.265429e-01	 1.668126e+00	 1.141583e+00	 -2.790908e-01
6.280000e+00	 -6.200194e-01	 -5.270401e-01	 1.666489e+00	 1.139448e+00	 -2.799806e-01
6.300000e+00	 -6.191183e-01	 -5.275203e-01	 1.664812e+00	 1.137292e+00	 -2.808817e-01
6.320000e+00	 -6.182062e-01	 -5.279834e-01	 1.663097e+00	 1.135114e+00	 -2.817938e-01
6.340000e+00	 -6.172831e-01	 -5.284294e-01	 1.661344e+00	 1.132915e+00	 -2.827169e-01
6.360000e+00	 -6.163493e-01	 -5.288579e-01	 1.659553e+00	 1.130695e+00	 -2.836507e-01
6.380000e+00	 -6.154050e-01	 -5.292690e-01	 1.657723e+00	 1.128454e+00	 -2.845950e-01
6.400000e+00	 -6.144504e-01	 -5.296626e-01	 1.655855e+00	 1.126193e+00	 -2.855496e-01
6.420000e+00	 -6.134856e-01	 -5.300385e-01	 1.653949e+00	 1.123911e+00	 -2.865144e-01
6.440000e+00	 -6.125109e-01	 -5.303966e-01	 1.652005e+00	 1.121608e+00	 -2.874891e-01
6.460000e+00	 -6.115265e-01	 -5.307368e-01	 1.650022e+00	 1.119286e+00	 -2.884735e-01
6.480000e+00	 -6.105325e-01	 -5.310589e-01	 1.648002e+00	 1.116943e+00	 -2.894675e-01
6.500000e+00	 -6.095291e-01	 -5.313630e-01	 1.645944e+00	 1.114581e+00	 -2.904709e-01
6.520000e+00	 -6.085166e-01	 -5.316489e-01	 1.643848e+00	 1.112199e+00	 -2.914834e-01
6.540000e+00	 -6.074952e-01	 -5.319164e-01	 1.641714e+00	 1.109798e+00	 -2.925048e-01
6.560000e+00	 -6.064650e-01	 -5.321655e-01	 1.639542e+00	 1.107377e+00	 -2.935350e-01
6.580000e+00	 -6.054262e-01	 -5.323961e-01	 1.637333e+00	 1.104937e+00	 -2.945738e-01
6.600000e+00	 -6.043791e-01	 -5.326080e-01	 1.635086e+00	 1.102478e+00	 -2.956209e-01
6.620000e+00	 -6.033239e-01	 -5.328013e-01	 1.632802e+00	 1.100001e+00	 -2.966761e-01
6.640000e+00	 -6.022607e-01	 -5.329757e-01	 1.630481e+00	 1.097505e+00	 -2.977393e-01
6.660000e+00	 -6.011898e-01	 -5.331312e-01	 1.628122e+00	 1.094991e+00	 -2.988102e-01
6.680000e+00	 -6.001113e-01	 -5.332678e-01	 1.625726e+00	 1.092459e+00	 -2.998887e-01
6.700000e+00	 -5.990255e-01	 -5.333853e-01	 1.623293e+00	 1.089908e+00	 -3.009745e-01
6.720000e+00	 -5.979326e-01	 -5.334836e-01	 1.620824e+00	 1.087340e+00	 -3.020674e-01
6.740000e+00	 -5.968327e-01	 -5.335628e-01	 1.618317e+00	 1.084754e+00	 -3.031673e-01
6.760000e+00	 -5.957261e-01	 -5.336226e-01	 1.615773e+00	 1.082151e+00	 -3.042739e-01
6.780000e+00	 -5.946130e-01	 -5.336630e-01	 1.613193e+00	 1.079530e+00	 -3.053870e-01
6.800000e+00	 -5.934936e-01	 -5.336840e-01	 1.610577e+00	 1.076893e+00	 -3.065064e-01
6.820000e+00	 -5.923681e-01	 -5.336854e-01	 1.607924e+00	 1.074239e+00	 -3.076319e-01
6.840000e+00	 -5.912366e-01	 -5.336673e-01	 1.605235e+00	 1.071568e+00	 -3.087634e-01
6.860000e+00	 -5.900995e-01	 -5.336295e-01	 1.602510e+00	 1.068880e+00	 -3.099005e-01
6.880000e+00	 -5.889569e-01	 -5.335720e-01	 1.599749e+00	 1.066177e+00	 -3.110431e-01
6.900000e+00	 -5.878089e-01	 -5.334948e-01	 1.596952e+00	 1.063457e+00	 -3.121911e-01
6.920000e+00	 -5.866559e-01	 -5.333977e-01	 1.594119e+00	 1.060722e+00	 -3.133441e-01
6.940000e+00	 -5.854980e-01	 -5.332808e-01	 1.591251e+00	 1.057970e+00	 -3.145020e-01
6.960000e+00	 -5.843354e-01	 -5.331439e-01	 1.588348e+00	 1.055204e+00	 -3.156646e-01
6.980000e+00	 -5.831683e-01	 -5.329871e-01	 1.585409e+00	 1.052422e+00	 -3.168317e-01
7	 -5.819970e-01	 -5.328102e-01	 1.582436e+00	 1.049625e+00	 -3.180030e-01
7.020000e+00	 -5.808216e-01	 -5.326134e-01	 1.579427e+00	 1.046814e+00	 -3.191784e-01
7.040000e+00	 -5.796422e-01	 -5.323964e-01	 1.576384e+00	 1.043988e+00	 -3.203578e-01
7.060000e+00	 -5.784593e-01	 -5.321594e-01	 1.573306e+00	 1.041147e+00	 -3.215407e-01
7.080000e+00	 -5.772728e-01	 -5.319022e-01	 1.570195e+00	 1.038292e+00	 -3.227272e-01
7.100000e+00	 -5.760830e-01	 -5.316249e-01	 1.567048e+00	 1.035424e+00	 -3.239170e-01
7.120000e+00	 -5.748902e-01	 -5.313273e-01	 1.563869e+00	 1.032541e+00	 -3.251098e-01
7.140000e+00	 -5.736945e-01	 -5.310097e-01	 1.560655e+00	 1.029645e+00	 -3.263055e-01
7.160000e+00	 -5.724961e-01	 -5.306718e-01	 1.557408e+00	 1.026736e+00	 -3.275039e-01
7.180000e+00	 -5.712952e-01	 -5.303137e-01	 1.554127e+00	 1.023814e+00	 -3.287048e-01
7.200000e+00	 -5.700920e-01	 -5.299354e-01	 1.550814e+00	 1.020878e+00	 -3.299080e-01
7.220000e+00	 -5.688866e-01	 -5.295368e-01	 1.547467e+00	 1.017930e+00	 -3.311134e-01
7.240000e+00	 -5.676794e-01	 -5.291181e-01	 1.544088e+00	 1.014970e+00	 -3.323206e-01
7.260000e+00	 -5.664705e-01	 -5.286792e-01	 1.540677e+00	 1.011998e+00	 -3.335295e-01
7.280000e+00	 -5.652600e-01	 -5.282201e-01	 1.537233e+00	 1.009013e+00	 -3.347400e-01
7.300000e+00	 -5.640482e-01	 -5.277408e-01	 1.533758e+00	 1.006017e+00	 -3.359518e-01
7.320000e+00	 -5.628352e-01	 -5.272414e-01	 1.530250e+00	 1.003009e+00	 -3.371648e-01
7.340000e+00	 -5.616212e-01	 -5.267218e-01	 1.526712e+00	 9.999901e-01	 -3.383788e-01
7.360000e+00	 -5.604065e-01	 -5.261822e-01	 1.523142e+00	 9.969600e-01	 -3.395935e-01
7.380000e+00	 -5.591912e-01	 -5.256225e-01	 1.519542e+00	 9.939192e-01	 -3.408088e-01
7.400000e+00	 -5.579755e-01	 -5.250428e-01	 1.515910e+00	 9.908677e-01	 -3.420245e-01
7.420000e+00	 -5.567595e-01	 -5.244431e-01	 1.512249e+00	 9.878060e-01	 -3.432405e-01
7.440000e+00	 -5.555435e-01	 -5.238234e-01	 1.508558e+00	 9.847342e-01	 -3.444565e-01
7.460000e+00	 -5.543276e-01	 -5.231839e-01	 1.504836e+00	 9.816525e-01	 -3.456724e-01
7.480000e+00	 -5.531120e-01	 -5.225246e-01	 1.501086e+00	 9.785613e-01	 -3.468880e-01
7.500000e+00	 -5.518969e-01	 -5.218455e-01	 1.497306e+00	 9.754608e-01	 -3.481031e-01
7.520000e+00	 -5.506825e-01	 -5.211468e-01	 1.493498e+00	 9.723511e-01	 -3.493175e-01
7.540000e+00	 -5.494689e-01	 -5.204284e-01	 1.489661e+00	 9.692326e-01	 -3.505311e-01
7.560000e+00	 -5.482564e-01	 -5.196905e-01	 1.485796e+00	 9.661056e-01	 -3.517436e-01
7.580000e+00	 -5.470450e-01	 -5.189331e-01	 1.481903e+00	 9.629702e-01	 -3.529550e-01
7.600000e+00	 -5.458350e-01	 -5.181563e-01	 1.477983e+00	 9.598268e-01	 -3.541650e-01
7.620000e+00	 -5.446264e-01	 -5.173603e-01	 1.474036e+00	 9.566756e-01	 -3.553736e-01
7.640000e+00	 -5.434196e-01	 -5.165451e-01	 1.470062e+00	 9.535169e-01	 -3.565804e-01
7.660000e+00	 -5.422147e-01	 -5.157108e-01	 1.466062e+00	 9.503509e-01	 -3.577853e-01
7.680000e+00	 -5.410118e-01	 -5.148575e-01	 1.462035e+00	 9.471780e-01	 -3.589882e-01
7.700000e+00	 -5.398110e-01	 -5.139854e-01	 1.457984e+00	 9.439983e-01	 -3.601890e-01
7.720000e+00	 -5.386126e-01	 -5.130945e-01	 1.453907e+00	 9.408122e-01	 -3.613874e-01
7.740000e+00	 -5.374168e-01	 -5.121850e-01	 1.449805e+00	 9.376200e-01	 -3.625832e-01
7.760000e+00	 -5.362235e-01	 -5.112571e-01	 1.445679e+00	 9.344220e-01	 -3.637765e-01
7.780000e+00	 -5.350332e-01	 -5.103107e-01	 1.441529e+00	 9.312183e-01	 -3.649668e-01
7.800000e+00	 -5.338458e-01	 -5.093462e-01	 1.437356e+00	 9.280094e-01	 -3.661542e-01
7.820000e+00	 -5.326615e-01	 -5.083636e-01	 1.433159e+00	 9.247955e-01	 -3.673385e-01
7.840000e+00	 -5.314806e-01	 -5.073631e-01	 1.428940e+00	 9.215769e-01	 -3.685194e-01
7.860000e+00	 -5.303031e-01	 -5.063448e-01	 1.424699e+00	 9.183540e-01	 -3.696969e-01
7.880000e+00	 -5.291292e-01	 -5.053090e-01	 1.420436e+00	 9.151269e-01	 -3.708708e-01
7.900000e+00	 -5.279590e-01	 -5.042557e-01	 1.416152e+00	 9.118961e-01	 -3.720410e-01
7.920000e+00	 -5.267928e-01	 -5.031852e-01	 1.411847e+00	 9.086619e-01	 -3.732072e-01
7.940000e+00	 -5.256306e-01	 -5.020977e-01	 1.407522e+00	 9.054245e-01	 -3.743694e-01
7.960000e+00	 -5.244725e-01	 -5.009933e-01	 1.403178e+00	 9.021843e-01	 -3.755275e-01
7.980000e+00	 -5.233188e-01	 -4.998722e-01	 1.398814e+00	 8.989416e-01	 -3.766812e-01
8	 -5.221696e-01	 -4.987346e-01	 1.394431e+00	 8.956968e-01	 -3.778304e-01
8.020000e+00	 -5.210250e-01	 -4.975808e-01	 1.390031e+00	 8.924501e-01	 -3.789750e-01
8.040000e+00	 -5.198852e-01	 -4.964110e-01	 1.385613e+00	 8.892020e-01	 -3.801148e-01
8.060000e+00	 -5.187503e-01	 -4.952253e-01	 1.381178e+00	 8.859527e-01	 -3.812497e-01
8.080000e+00	 -5.176204e-01	 -4.940240e-01	 1.376727e+00	 8.827026e-01	 -3.823796e-01
8.100000e+00	 -5.164956e-01	 -4.928074e-01	 1.372260e+00	 8.794521e-01	 -3.835044e-01
8.120000e+00	 -5.153762e-01	 -4.915757e-01	 1.367777e+00	 8.762016e-01	 -3.846238e-01
8.140000e+00	 -5.142622e-01	 -4.903291e-01	 1.363280e+00	 8.729513e-01	 -3.857378e-01
8.160000e+00	 -5.131538e-01	 -4.890679e-01	 1.358770e+00	 8.697017e-01	 -3.868462e-01
8.180000e+00	 -5.120511e-01	 -4.877924e-01	 1.354245e+00	 8.664531e-01	 -3.879489e-01
8.200000e+00	 -5.109542e-01	 -4.865028e-01	 1.349709e+00	 8.632059e-01	 -3.890458e-01
8.220000e+00	 -5.098633e-01	 -4.851994e-01	 1.345160e+00	 8.599606e-01	 -3.901367e-01
8.240000e+00	 -5.087785e-01	 -4.838826e-01	 1.340600e+00	 8.567174e-01	 -3.912215e-01
8.260000e+00	 -5.076999e-01	 -4.825525e-01	 1.336029e+00	 8.534769e-01	 -3.923001e-01
8.280000e+00	 -5.066276e-01	 -4.812095e-01	 1.331449e+00	 8.502393e-01	 -3.933724e-01
8.300000e+00	 -5.055618e-01	 -4.798540e-01	 1.326859e+00	 8.470052e-01	 -3.944382e-01
8.320000e+00	 -5.045026e-01	 -4.784861e-01	 1.322261e+00	 8.437749e-01	 -3.954974e-01
8.340000e+00	 -5.034501e-01	 -4.771063e-01	 1.317655e+00	 8.405489e-01	 -3.965499e-01
8.360000e+00	 -5.024044e-01	 -4.757149e-01	 1.313043e+00	 8.373276e-01	 -3.975956e-01
8.380000e+00	 -5.013657e-01	 -4.743123e-01	 1.308424e+00	 8.341114e-01	 -3.986343e-01
8.400000e+00	 -5.003340e-01	 -4.728987e-01	 1.303799e+00	 8.309008e-01	 -3.996660e-01
8.420000e+00	 -4.993095e-01	 -4.714746e-01	 1.299171e+00	 8.276962e-01	 -4.006905e-01
8.440000e+00	 -4.982924e-01	 -4.700403e-01	 1.294538e+00	 8.244981e-01	 -4.017076e-01
8.460000e+00	 -4.972826e-01	 -4.685962e-01	 1.289903e+00	 8.213070e-01	 -4.027174e-01
8.480000e+00	 -4.962804e-01	 -4.671426e-01	 1.285266e+00	 8.181234e-01	 -4.037196e-01
8.500000e+00	 -4.952858e-01	 -4.656800e-01	 1.280628e+00	 8.149476e-01	 -4.047142e-01
8.520000e+00	 -4.942990e-01	 -4.642089e-01	 1.275989e+00	 8.117803e-01	 -4.057010e-01
8.540000e+00	 -4.933201e-01	 -4.627295e-01	 1.271351e+00	 8.086220e-01	 -4.066799e-01
8.560000e+00	 -4.923492e-01	 -4.612423e-01	 1.266715e+00	 8.054731e-01	 -4.076508e-01
8.580000e+00	 -4.913863e-01	 -4.597477e-01	 1.262082e+00	 8.023341e-01	 -4.086137e-01
8.600000e+00	 -4.904317e-01	 -4.582463e-01	 1.257452e+00	 7.992057e-01	 -4.095683e-01
8.620000e+00	 -4.894854e-01	 -4.567384e-01	 1.252827e+00	 7.960882e-01	 -4.105146e-01
8.640000e+00	 -4.885475e-01	 -4.552245e-01	 1.248207e+00	 7.929824e-01	 -4.114525e-01
8.660000e+00	 -4.876181e-01	 -4.537051e-01	 1.243594e+00	 7.898887e-01	 -4.123819e-01
8.680000e+00	 -4.866974e-01	 -4.521806e-01	 1.238988e+00	 7.868077e-01	 -4.133026e-01
8.700000e+00	 -4.857854e-01	 -4.506516e-01	 1.234392e+00	 7.837399e-01	 -4.142146e-01
8.720000e+00	 -4.848823e-01	 -4.491186e-01	 1.229805e+00	 7.806861e-01	 -4.151177e-01
8.740000e+00	 -4.839882e-01	 -4.475820e-01	 1.225229e+00	 7.776467e-01	 -4.160118e-01
8.760000e+00	 -4.831031e-01	 -4.460424e-01	 1.220665e+00	 7.746224e-01	 -4.168969e-01
8.780000e+00	 -4.822272e-01	 -4.445003e-01	 1.216114e+00	 7.716137e-01	 -4.177728e-01
8.800000e+00	 -4.813606e-01	 -4.429563e-01	 1.211578e+00	 7.686214e-01	 -4.186394e-01
8.820000e+00	 -4.805034e-01	 -4.414109e-01	 1.207057e+00	 7.656461e-01	 -4.194966e-01
8.840000e+00	 -4.796556e-01	 -4.398646e-01	 1.202553e+00	 7.626884e-01	 -4.203444e-01
8.860000e+00	 -4.788175e-01	 -4.383182e-01	 1.198067e+00	 7.597489e-01	 -4.211825e-01
8.880000e+00	 -4.779890e-01	 -4.367721e-01	 1.193601e+00	 7.568284e-01	 -4.220110e-01
8.900000e+00	 -4.771704e-01	 -4.352269e-01	 1.189154e+00	 7.539276e-01	 -4.228296e-01
8.920000e+00	 -4.763617e-01	 -4.336833e-01	 1.184730e+00	 7.510470e-01	 -4.236383e-01
8.940000e+00	 -4.755629e-01	 -4.321419e-01	 1.180329e+00	 7.481875e-01	 -4.244371e-01
8.960000e+00	 -4.747743e-01	 -4.306033e-01	 1.175953e+00	 7.453498e-01	 -4.252257e-01
8.980000e+00	 -4.739959e-01	 -4.290682e-01	 1.171603e+00	 7.425346e-01	 -4.260041e-01
9	 -4.732278e-01	 -4.275371e-01	 1.167280e+00	 7.397426e-01	 -4.267722e-01
9.020000e+00	 -4.724702e-01	 -4.260109e-01	 1.162985e+00	 7.369745e-01	 -4.275298e-01
9.040000e+00	 -4.717230e-01	 -4.244901e-01	 1.158721e+00	 7.342313e-01	 -4.282770e-01
9.060000e+00	 -4.709866e-01	 -4.229754e-01	 1.154489e+00	 7.315136e-01	 -4.290134e-01
9.080000e+00	 -4.702608e-01	 -4.214676e-01	 1.150290e+00	 7.288222e-01	 -4.297392e-01
9.100000e+00	 -4.695459e-01	 -4.199674e-01	 1.146125e+00	 7.261580e-01	 -4.304541e-01
9.120000e+00	 -4.688419e-01	 -4.184754e-01	 1.141997e+00	 7.235217e-01	 -4.311581e-01
9.140000e+00	 -4.681490e-01	 -4.169924e-01	 1.137907e+00	 7.209143e-01	 -4.318510e-01
9.160000e+00	 -4.674673e-01	 -4.155192e-01	 1.133856e+00	 7.183364e-01	 -4.325327e-01
9.180000e+00	 -4.667968e-01	 -4.140565e-01	 1.129846e+00	 7.157891e-01	 -4.332032e-01
9.200000e+00	 -4.661377e-01	 -4.126051e-01	 1.125878e+00	 7.132731e-01	 -4.338623e-01
9.220000e+00	 -4.654901e-01	 -4.111658e-01	 1.121955e+00	 7.107893e-01	 -4.345099e-01
9.240000e+00	 -4.648540e-01	 -4.097393e-01	 1.118078e+00	 7.083387e-01	 -4.351460e-01
9.260000e+00	 -4.642297e-01	 -4.083264e-01	 1.114249e+00	 7.059221e-01	 -4.357703e-01
9.280000e+00	 -4.636172e-01	 -4.069280e-01	 1.110469e+00	 7.035405e-01	 -4.363828e-01
9.300000e+00	 -4.630166e-01	 -4.055449e-01	 1.106740e+00	 7.011947e-01	 -4.369834e-01
9.320000e+00	 -4.624280e-01	 -4.041779e-01	 1.103064e+00	 6.988858e-01	 -4.375720e-01
9.340000e+00	 -4.618515e-01	 -4.028278e-01	 1.099442e+00	 6.966146e-01	 -4.381485e-01
9.360000e+00	 -4.612874e-01	 -4.014955e-01	 1.095878e+00	 6.943822e-01	 -4.387126e-01
9.380000e+00	 -4.607356e-01	 -4.001819e-01	 1.092371e+00	 6.921895e-01	 -4.392644e-01
9.400000e+00	 -4.601963e-01	 -3.988878e-01	 1.088925e+00	 6.900374e-01	 -4.398037e-01
9.420000e+00	 -4.596695e-01	 -3.976141e-01	 1.085541e+00	 6.879271e-01	 -4.403305e-01
9.440000e+00	 -4.591556e-01	 -3.963617e-01	 1.082221e+00	 6.858594e-01	 -4.408444e-01
9.460000e+00	 -4.586544e-01	 -3.951314e-01	 1.078967e+00	 6.838354e-01	 -4.413456e-01
9.480000e+00	 -4.581662e-01	 -3.939242e-01	 1.075780e+00	 6.818561e-01	 -4.418338e-01
9.500000e+00	 -4.576911e-01	 -3.927410e-01	 1.072664e+00	 6.799226e-01	 -4.423089e-01
9.520000e+00	 -4.572292e-01	 -3.915826e-01	 1.069619e+00	 6.780359e-01	 -4.427708e-01
9.540000e+00	 -4.567807e-01	 -3.904500e-01	 1.066647e+00	 6.761971e-01	 -4.432193e-01
9.560000e+00	 -4.563456e-01	 -3.893441e-01	 1.063751e+00	 6.744071e-01	 -4.436544e-01
9.580000e+00	 -4.559241e-01	 -3.882659e-01	 1.060933e+00	 6.726671e-01	 -4.440759e-01
9.600000e+00	 -4.555164e-01	 -3.872162e-01	 1.058194e+00	 6.709781e-01	 -4.444836e-01
9.620000e+00	 -4.551224e-01	 -3.861960e-01	 1.055537e+00	 6.693413e-01	 -4.448776e-01
9.640000e+00	 -4.547425e-01	 -3.852062e-01	 1.052964e+00	 6.677576e-01	 -4.452575e-01
9.660000e+00	 -4.543767e-01	 -3.842478e-01	 1.050476e+00	 6.662282e-01	 -4.456233e-01
9.680000e+00	 -4.540252e-01	 -3.833217e-01	 1.048076e+00	 6.647541e-01	 -4.459748e-01
9.700000e+00	 -4.536881e-01	 -3.824288e-01	 1.045765e+00	 6.633364e-01	 -4.463119e-01
9.720000e+00	 -4.533655e-01	 -3.815700e-01	 1.043546e+00	 6.619763e-01	 -4.466345e-01
9.740000e+00	 -4.530577e-01	 -3.807464e-01	 1.041421e+00	 6.606748e-01	 -4.469423e-01
9.760000e+00	 -4.527647e-01	 -3.799587e-01	 1.039392e+00	 6.594330e-01	 -4.472353e-01
9.780000e+00	 -4.524867e-01	 -3.792080e-01	 1.037460e+00	 6.582520e-01	 -4.475133e-01
9.800000e+00	 -4.522238e-01	 -3.784951e-01	 1.035628e+00	 6.571328e-01	 -4.477762e-01
9.820000e+00	 -4.519763e-01	 -3.778211e-01	 1.033898e+00	 6.560767e-01	 -4.480237e-01
9.840000e+00	 -4.517442e-01	 -3.771867e-01	 1.032271e+00	 6.550846e-01	 -4.482558e-01
9.860000e+00	 -4.515277e-01	 -3.765928e-01	 1.030750e+00	 6.541576e-01	 -4.484723e-01
9.880000e+00	 -4.513271e-01	 -3.760405e-01	 1.029337e+00	 6.532968e-01	 -4.486729e-01
9.900000e+00	 -4.511424e-01	 -3.755305e-01	 1.028034e+00	 6.525033e-01	 -4.488576e-01
9.920000e+00	 -4.509739e-01	 -3.750637e-01	 1.026842e+00	 6.517780e-01	 -4.490261e-01
9.940000e+00	 -4.508217e-01	 -3.746409e-01	 1.025763e+00	 6.511222e-01	 -4.491783e-01
9.960000e+00	 -4.506860e-01	 -3.742631e-01	 1.024800e+00	 6.505367e-01	 -4.493140e-01
9.980000e+00	 -4.506002e-01	 -3.740238e-01	 1.024190e+00	 6.501662e-01	 -4.493998e-01
10	 -4.505767e-01	 -3.739583e-01	 1.024023e+00	 6.500650e-01	 -4.494233e-01
