700
1.000000e-02
-4.500056e-01	 -1.470277e-01	 7.673070e-01	 6.202793e-01	 -4.500058e-01
-4.500224e-01	 -1.471086e-01	 7.674772e-01	 6.203686e-01	 -4.500227e-01
-4.500501e-01	 -1.472430e-01	 7.677599e-01	 6.205169e-01	 -4.500504e-01
-4.500887e-01	 -1.474302e-01	 7.681537e-01	 6.207235e-01	 -4.500892e-01
-4.501381e-01	 -1.476701e-01	 7.686579e-01	 6.209879e-01	 -4.501385e-01
-4.501982e-01	 -1.479617e-01	 7.692709e-01	 6.213092e-01	 -4.501987e-01
-4.502690e-01	 -1.483047e-01	 7.699918e-01	 6.216871e-01	 -4.502696e-01
-4.503504e-01	 -1.486986e-01	 7.708192e-01	 6.221207e-01	 -4.503511e-01
-4.504422e-01	 -1.491427e-01	 7.717522e-01	 6.226095e-01	 -4.504426e-01
-4.505444e-01	 -1.496364e-01	 7.727891e-01	 6.231527e-01	 -4.505449e-01
-4.506570e-01	 -1.501792e-01	 7.739286e-01	 6.237494e-01	 -4.506575e-01
-4.507798e-01	 -1.507703e-01	 7.751694e-01	 6.243992e-01	 -4.507804e-01
-4.509127e-01	 -1.514092e-01	 7.765102e-01	 6.251011e-01	 -4.509133e-01
-4.510558e-01	 -1.520952e-01	 7.779496e-01	 6.258545e-01	 -4.510564e-01
-4.512088e-01	 -1.528276e-01	 7.794860e-01	 6.266585e-01	 -4.512095e-01
-4.513718e-01	 -1.536058e-01	 7.811181e-01	 6.275124e-01	 -4.513725e-01
-4.515446e-01	 -1.544290e-01	 7.828443e-01	 6.284154e-01	 -4.515454e-01
-4.517271e-01	 -1.552968e-01	 7.846635e-01	 6.293668e-01	 -4.517276e-01
-4.519195e-01	 -1.562081e-01	 7.865736e-01	 6.303655e-01	 -4.519200e-01
-4.521215e-01	 -1.571624e-01	 7.885732e-01	 6.314108e-01	 -4.521220e-01
-4.523331e-01	 -1.581589e-01	 7.906609e-01	 6.325020e-01	 -4.523336e-01
-4.525542e-01	 -1.591970e-01	 7.928352e-01	 6.336382e-01	 -4.525548e-01
-4.527847e-01	 -1.602759e-01	 7.950944e-01	 6.348185e-01	 -4.527853e-01
-4.530246e-01	 -1.613949e-01	 7.974369e-01	 6.360421e-01	 -4.530253e-01
-4.532739e-01	 -1.625532e-01	 7.998613e-01	 6.373082e-01	 -4.532746e-01
-4.535324e-01	 -1.637501e-01	 8.023660e-01	 6.386159e-01	 -4.535331e-01
-4.538002e-01	 -1.649849e-01	 8.049493e-01	 6.399643e-01	 -4.538009e-01
-4.540771e-01	 -1.662569e-01	 8.076096e-01	 6.413528e-01	 -4.540778e-01
-4.543630e-01	 -1.675653e-01	 8.103455e-01	 6.427803e-01	 -4.543638e-01
-4.546580e-01	 -1.689093e-01	 8.131553e-01	 6.442460e-01	 -4.546588e-01
-4.549619e-01	 -1.702883e-01	 8.160375e-01	 6.457491e-01	 -4.549627e-01
-4.552748e-01	 -1.717016e-01	 8.189904e-01	 6.472889e-01	 -4.552756e-01
-4.555965e-01	 -1.731483e-01	 8.220126e-01	 6.488643e-01	 -4.555973e-01
-4.559270e-01	 -1.746278e-01	 8.251025e-01	 6.504747e-01	 -4.559278e-01
-4.562663e-01	 -1.761394e-01	 8.282584e-01	 6.521191e-01	 -4.562671e-01
-4.566142e-01	 -1.776823e-01	 8.314790e-01	 6.537968e-01	 -4.566151e-01
-4.569708e-01	 -1.792558e-01	 8.347627e-01	 6.555069e-01	 -4.569717e-01
-4.573360e-01	 -1.808593e-01	 8.381080e-01	 6.572486e-01	 -4.573368e-01
-4.577095e-01	 -1.824922e-01	 8.415136e-01	 6.590214e-01	 -4.577101e-01
-4.580917e-01	 -1.841535e-01	 8.449775e-01	 6.608240e-01	 -4.580923e-01
-4.584823e-01	 -1.858426e-01	 8.484985e-01	 6.626559e-01	 -4.584829e-01
-4.588813e-01	 -1.875590e-01	 8.520752e-01	 6.645162e-01	 -4.588819e-01
-4.592887e-01	 -1.893019e-01	 8.557061e-01	 6.664042e-01	 -4.592892e-01
-4.597043e-01	 -1.910707e-01	 8.593898e-01	 6.683192e-01	 -4.597049e-01
-4.601282e-01	 -1.928646e-01	 8.631249e-01	 6.702603e-01	 -4.601287e-01
-4.605602e-01	 -1.946832e-01	 8.669101e-01	 6.722268e-01	 -4.605608e-01
-4.610004e-01	 -1.965257e-01	 8.707438e-01	 6.742181e-01	 -4.610010e-01
-4.614487e-01	 -1.983916e-01	 8.746248e-01	 6.762333e-01	 -4.614493e-01
-4.619051e-01	 -2.002801e-01	 8.785518e-01	 6.782717e-01	 -4.619057e-01
-4.623694e-01	 -2.021907e-01	 8.825234e-01	 6.803327e-01	 -4.623701e-01
-4.628418e-01	 -2.041229e-01	 8.865384e-01	 6.824155e-01	 -4.628424e-01
-4.633220e-01	 -2.060759e-01	 8.905954e-01	 6.845195e-01	 -4.633227e-01
-4.638102e-01	 -2.080492e-01	 8.946932e-01	 6.866439e-01	 -4.638108e-01
-4.643061e-01	 -2.100424e-01	 8.988305e-01	 6.887881e-01	 -4.643068e-01
-4.648099e-01	 -2.120547e-01	 9.030062e-01	 6.909515e-01	 -4.648105e-01
-4.653214e-01	 -2.140857e-01	 9.072190e-01	 6.931333e-01	 -4.653220e-01
-4.658406e-01	 -2.161347e-01	 9.114677e-01	 6.953330e-01	 -4.658413e-01
-4.663675e-01	 -2.182014e-01	 9.157512e-01	 6.975498e-01	 -4.663682e-01
-4.669020e-01	 -2.202851e-01	 9.200684e-01	 6.997833e-01	 -4.669027e-01
-4.674441e-01	 -2.223853e-01	 9.244181e-01	 7.020328e-01	 -4.674448e-01
-4.679937e-01	 -2.245015e-01	 9.287992e-01	 7.042977e-01	 -4.679944e-01
-4.685509e-01	 -2.266333e-01	 9.332107e-01	 7.065773e-01	 -4.685515e-01
-4.691155e-01	 -2.287802e-01	 9.376514e-01	 7.088712e-01	 -4.691161e-01
-4.696875e-01	 -2.309416e-01	 9.421203e-01	 7.111787e-01	 -4.696882e-01
-4.702669e-01	 -2.331172e-01	 9.466165e-01	 7.134993e-01	 -4.702676e-01
-4.708537e-01	 -2.353064e-01	 9.511388e-01	 7.158324e-01	 -4.708543e-01
-4.714477e-01	 -2.375088e-01	 9.556863e-01	 7.181775e-01	 -4.714484e-01
-4.720491e-01	 -2.397239e-01	 9.602581e-01	 7.205341e-01	 -4.720497e-01
-4.726576e-01	 -2.419514e-01	 9.648531e-01	 7.229016e-01	 -4.726583e-01
-4.732733e-01	 -2.441908e-01	 9.694705e-01	 7.252796e-01	 -4.732740e-01
-4.738962e-01	 -2.464418e-01	 9.741093e-01	 7.276675e-01	 -4.738969e-01
-4.745262e-01	 -2.487038e-01	 9.787686e-01	 7.300647e-01	 -4.745269e-01
-4.751633e-01	 -2.509765e-01	 9.834475e-01	 7.324710e-01	 -4.751640e-01
-4.758074e-01	 -2.532596e-01	 9.881453e-01	 7.348857e-01	 -4.758081e-01
-4.764585e-01	 -2.555525e-01	 9.928609e-01	 7.373083e-01	 -4.764592e-01
-4.771166e-01	 -2.578551e-01	 9.975937e-01	 7.397386e-01	 -4.771173e-01
-4.777816e-01	 -2.601669e-01	 1.002343e+00	 7.421758e-01	 -4.777823e-01
-4.784535e-01	 -2.624875e-01	 1.007107e+00	 7.446198e-01	 -4.784541e-01
-4.791322e-01	 -2.648166e-01	 1.011887e+00	 7.470699e-01	 -4.791329e-01
-4.798178e-01	 -2.671539e-01	 1.016680e+00	 7.495258e-01	 -4.798184e-01
-4.805101e-01	 -2.694990e-01	 1.021486e+00	 7.519871e-01	 -4.805107e-01
-4.812091e-01	 -2.718516e-01	 1.026305e+00	 7.544532e-01	 -4.812098e-01
-4.819149e-01	 -2.742114e-01	 1.031135e+00	 7.569240e-01	 -4.819155e-01
-4.826273e-01	 -2.765781e-01	 1.035977e+00	 7.593988e-01	 -4.826279e-01
-4.833463e-01	 -2.789514e-01	 1.040829e+00	 7.618775e-01	 -4.833469e-01
-4.840719e-01	 -2.813310e-01	 1.045691e+00	 7.643594e-01	 -4.840725e-01
-4.848041e-01	 -2.837166e-01	 1.050561e+00	 7.668444e-01	 -4.848047e-01
-4.855428e-01	 -2.861079e-01	 1.055440e+00	 7.693320e-01	 -4.855434e-01
-4.862879e-01	 -2.885046e-01	 1.060327e+00	 7.718218e-01	 -4.862885e-01
-4.870395e-01	 -2.909066e-01	 1.065220e+00	 7.743136e-01	 -4.870401e-01
-4.877975e-01	 -2.933134e-01	 1.070120e+00	 7.768069e-01	 -4.877981e-01
-4.885618e-01	 -2.957249e-01	 1.075026e+00	 7.793014e-01	 -4.885624e-01
-4.893325e-01	 -2.981407e-01	 1.079938e+00	 7.817968e-01	 -4.893331e-01
-4.901094e-01	 -3.005608e-01	 1.084854e+00	 7.842927e-01	 -4.901100e-01
-4.908926e-01	 -3.029847e-01	 1.089774e+00	 7.867888e-01	 -4.908932e-01
-4.916820e-01	 -3.054124e-01	 1.094697e+00	 7.892849e-01	 -4.916826e-01
-4.924776e-01	 -3.078435e-01	 1.099624e+00	 7.917805e-01	 -4.924782e-01
-4.932793e-01	 -3.102778e-01	 1.104553e+00	 7.942754e-01	 -4.932799e-01
-4.940871e-01	 -3.127152e-01	 1.109485e+00	 7.967693e-01	 -4.940876e-01
-4.949009e-01	 -3.151553e-01	 1.114417e+00	 7.992618e-01	 -4.949015e-01
-4.957207e-01	 -3.175981e-01	 1.119351e+00	 8.017528e-01	 -4.957213e-01
-4.965466e-01	 -3.200433e-01	 1.124285e+00	 8.042418e-01	 -4.965471e-01
-4.973783e-01	 -3.224907e-01	 1.129219e+00	 8.067287e-01	 -4.973789e-01
-4.982160e-01	 -3.249401e-01	 1.134153e+00	 8.092131e-01	 -4.982165e-01
-4.990595e-01	 -3.273913e-01	 1.139086e+00	 8.116948e-01	 -4.990600e-01
-4.999088e-01	 -3.298442e-01	 1.144018e+00	 8.141734e-01	 -4.999093e-01
-5.007638e-01	 -3.322985e-01	 1.148948e+00	 8.166490e-01	 -5.007641e-01
-5.016246e-01	 -3.347542e-01	 1.153875e+00	 8.191209e-01	 -5.016249e-01
-5.024911e-01	 -3.372109e-01	 1.158800e+00	 8.215890e-01	 -5.024915e-01
-5.033633e-01	 -3.396686e-01	 1.163722e+00	 8.240532e-01	 -5.033636e-01
-5.042410e-01	 -3.421271e-01	 1.168640e+00	 8.265130e-01	 -5.042414e-01
-5.051244e-01	 -3.445863e-01	 1.173555e+00	 8.289683e-01	 -5.051247e-01
-5.060132e-01	 -3.470459e-01	 1.178465e+00	 8.314189e-01	 -5.060135e-01
-5.069075e-01	 -3.495059e-01	 1.183371e+00	 8.338645e-01	 -5.069078e-01
-5.078073e-01	 -3.519661e-01	 1.188271e+00	 8.363049e-01	 -5.078076e-01
-5.087124e-01	 -3.544263e-01	 1.193166e+00	 8.387399e-01	 -5.087128e-01
-5.096229e-01	 -3.568865e-01	 1.198056e+00	 8.411692e-01	 -5.096233e-01
-5.105387e-01	 -3.593464e-01	 1.202939e+00	 8.435926e-01	 -5.105391e-01
-5.114598e-01	 -3.618060e-01	 1.207816e+00	 8.460100e-01	 -5.114601e-01
-5.123861e-01	 -3.642652e-01	 1.212686e+00	 8.484210e-01	 -5.123864e-01
-5.133175e-01	 -3.667237e-01	 1.217549e+00	 8.508256e-01	 -5.133178e-01
-5.142541e-01	 -3.691815e-01	 1.222405e+00	 8.532234e-01	 -5.142544e-01
-5.151957e-01	 -3.716385e-01	 1.227253e+00	 8.556143e-01	 -5.151960e-01
-5.161424e-01	 -3.740945e-01	 1.232093e+00	 8.579981e-01	 -5.161427e-01
-5.170941e-01	 -3.765494e-01	 1.236924e+00	 8.603746e-01	 -5.170943e-01
-5.180506e-01	 -3.790032e-01	 1.241747e+00	 8.627435e-01	 -5.180509e-01
-5.190121e-01	 -3.814557e-01	 1.246561e+00	 8.651048e-01	 -5.190124e-01
-5.199784e-01	 -3.839069e-01	 1.251365e+00	 8.674582e-01	 -5.199787e-01
-5.209495e-01	 -3.863565e-01	 1.256160e+00	 8.698035e-01	 -5.209498e-01
-5.219254e-01	 -3.888046e-01	 1.260945e+00	 8.721406e-01	 -5.219256e-01
-5.229059e-01	 -3.912510e-01	 1.265720e+00	 8.744693e-01	 -5.229062e-01
-5.238911e-01	 -3.936956e-01	 1.270485e+00	 8.767893e-01	 -5.238913e-01
-5.248808e-01	 -3.961384e-01	 1.275239e+00	 8.791006e-01	 -5.248811e-01
-5.258751e-01	 -3.985793e-01	 1.279982e+00	 8.814029e-01	 -5.258754e-01
-5.268739e-01	 -4.010181e-01	 1.284714e+00	 8.836961e-01	 -5.268742e-01
-5.278771e-01	 -4.034548e-01	 1.289435e+00	 8.859801e-01	 -5.278774e-01
-5.288847e-01	 -4.058894e-01	 1.294144e+00	 8.882545e-01	 -5.288850e-01
-5.298966e-01	 -4.083216e-01	 1.298841e+00	 8.905194e-01	 -5.298969e-01
-5.309128e-01	 -4.107515e-01	 1.303526e+00	 8.927745e-01	 -5.309131e-01
-5.319332e-01	 -4.131790e-01	 1.308199e+00	 8.950197e-01	 -5.319335e-01
-5.329578e-01	 -4.156041e-01	 1.312859e+00	 8.972548e-01	 -5.329580e-01
-5.339864e-01	 -4.180265e-01	 1.317506e+00	 8.994797e-01	 -5.339867e-01
-5.350192e-01	 -4.204464e-01	 1.322141e+00	 9.016942e-01	 -5.350194e-01
-5.360559e-01	 -4.228635e-01	 1.326762e+00	 9.038981e-01	 -5.360561e-01
-5.370965e-01	 -4.252779e-01	 1.331369e+00	 9.060914e-01	 -5.370968e-01
-5.381411e-01	 -4.276895e-01	 1.335963e+00	 9.082739e-01	 -5.381413e-01
-5.391894e-01	 -4.300982e-01	 1.340544e+00	 9.104454e-01	 -5.391896e-01
-5.402415e-01	 -4.325040e-01	 1.345110e+00	 9.126058e-01	 -5.402417e-01
-5.412973e-01	 -4.349068e-01	 1.349662e+00	 9.147549e-01	 -5.412975e-01
-5.423567e-01	 -4.373066e-01	 1.354199e+00	 9.168927e-01	 -5.423570e-01
-5.434198e-01	 -4.397032e-01	 1.358722e+00	 9.190189e-01	 -5.434200e-01
-5.444863e-01	 -4.420967e-01	 1.363230e+00	 9.211335e-01	 -5.444865e-01
-5.455563e-01	 -4.444870e-01	 1.367723e+00	 9.232363e-01	 -5.455565e-01
-5.466296e-01	 -4.468741e-01	 1.372201e+00	 9.253272e-01	 -5.466298e-01
-5.477063e-01	 -4.492578e-01	 1.376664e+00	 9.274061e-01	 -5.477065e-01
-5.487863e-01	 -4.516383e-01	 1.381111e+00	 9.294728e-01	 -5.487865e-01
-5.498694e-01	 -4.540153e-01	 1.385543e+00	 9.315272e-01	 -5.498696e-01
-5.509557e-01	 -4.563889e-01	 1.389958e+00	 9.335691e-01	 -5.509559e-01
-5.520451e-01	 -4.587591e-01	 1.394358e+00	 9.355986e-01	 -5.520453e-01
-5.531374e-01	 -4.611257e-01	 1.398741e+00	 9.376154e-01	 -5.531376e-01
-5.542327e-01	 -4.634888e-01	 1.403108e+00	 9.396194e-01	 -5.542329e-01
-5.553308e-01	 -4.658483e-01	 1.407459e+00	 9.416105e-01	 -5.553310e-01
-5.564318e-01	 -4.682042e-01	 1.411793e+00	 9.435886e-01	 -5.564319e-01
-5.575354e-01	 -4.705564e-01	 1.416110e+00	 9.455536e-01	 -5.575356e-01
-5.586417e-01	 -4.729049e-01	 1.420410e+00	 9.475054e-01	 -5.586419e-01
-5.597506e-01	 -4.752497e-01	 1.424694e+00	 9.494438e-01	 -5.597508e-01
-5.608620e-01	 -4.775908e-01	 1.428960e+00	 9.513687e-01	 -5.608622e-01
-5.619758e-01	 -4.799281e-01	 1.433208e+00	 9.532801e-01	 -5.619760e-01
-5.630920e-01	 -4.822615e-01	 1.437439e+00	 9.551778e-01	 -5.630922e-01
-5.642105e-01	 -4.845911e-01	 1.441653e+00	 9.570617e-01	 -5.642107e-01
-5.653312e-01	 -4.869168e-01	 1.445849e+00	 9.589318e-01	 -5.653314e-01
-5.664540e-01	 -4.892387e-01	 1.450027e+00	 9.607878e-01	 -5.664542e-01
-5.675789e-01	 -4.915566e-01	 1.454186e+00	 9.626298e-01	 -5.675791e-01
-5.687058e-01	 -4.938705e-01	 1.458328e+00	 9.644576e-01	 -5.687060e-01
-5.698346e-01	 -4.961805e-01	 1.462452e+00	 9.662711e-01	 -5.698348e-01
-5.709652e-01	 -4.984865e-01	 1.466557e+00	 9.680702e-01	 -5.709654e-01
-5.720976e-01	 -5.007884e-01	 1.470643e+00	 9.698549e-01	 -5.720978e-01
-5.732317e-01	 -5.030863e-01	 1.474711e+00	 9.716250e-01	 -5.732318e-01
-5.743673e-01	 -5.053802e-01	 1.478761e+00	 9.733804e-01	 -5.743675e-01
-5.755045e-01	 -5.076699e-01	 1.482791e+00	 9.751210e-01	 -5.755046e-01
-5.766431e-01	 -5.099555e-01	 1.486802e+00	 9.768468e-01	 -5.766432e-01
-5.777830e-01	 -5.122371e-01	 1.490795e+00	 9.785576e-01	 -5.777832e-01
-5.789242e-01	 -5.145144e-01	 1.494768e+00	 9.802535e-01	 -5.789244e-01
-5.800666e-01	 -5.167876e-01	 1.498722e+00	 9.819342e-01	 -5.800668e-01
-5.812101e-01	 -5.190567e-01	 1.502656e+00	 9.835997e-01	 -5.812103e-01
-5.823546e-01	 -5.213215e-01	 1.506571e+00	 9.852499e-01	 -5.823548e-01
-5.835001e-01	 -5.235821e-01	 1.510467e+00	 9.868847e-01	 -5.835002e-01
-5.846463e-01	 -5.258385e-01	 1.514343e+00	 9.885041e-01	 -5.846465e-01
-5.857934e-01	 -5.280906e-01	 1.518199e+00	 9.901079e-01	 -5.857935e-01
-5.869411e-01	 -5.303385e-01	 1.522035e+00	 9.916961e-01	 -5.869412e-01
-5.880893e-01	 -5.325821e-01	 1.525851e+00	 9.932686e-01	 -5.880895e-01
-5.892381e-01	 -5.348215e-01	 1.529647e+00	 9.948254e-01	 -5.892382e-01
-5.903873e-01	 -5.370565e-01	 1.533423e+00	 9.963663e-01	 -5.903874e-01
-5.915368e-01	 -5.392872e-01	 1.537178e+00	 9.978912e-01	 -5.915369e-01
-5.926865e-01	 -5.415136e-01	 1.540914e+00	 9.994002e-01	 -5.926866e-01
-5.938363e-01	 -5.437356e-01	 1.544629e+00	 1.000893e+00	 -5.938364e-01
-5.949861e-01	 -5.459533e-01	 1.548323e+00	 1.002370e+00	 -5.949862e-01
-5.961359e-01	 -5.481667e-01	 1.551997e+00	 1.003830e+00	 -5.961360e-01
-5.972856e-01	 -5.503756e-01	 1.555650e+00	 1.005275e+00	 -5.972857e-01
-5.984350e-01	 -5.525802e-01	 1.559283e+00	 1.006702e+00	 -5.984351e-01
-5.995841e-01	 -5.547804e-01	 1.562894e+00	 1.008114e+00	 -5.995841e-01
-6.007327e-01	 -5.569762e-01	 1.566485e+00	 1.009509e+00	 -6.007328e-01
-6.018808e-01	 -5.591675e-01	 1.570055e+00	 1.010887e+00	 -6.018809e-01
-6.030283e-01	 -5.613544e-01	 1.573604e+00	 1.012249e+00	 -6.030283e-01
-6.041750e-01	 -5.635369e-01	 1.577131e+00	 1.013594e+00	 -6.041751e-01
-6.053209e-01	 -5.657150e-01	 1.580638e+00	 1.014923e+00	 -6.053210e-01
-6.064659e-01	 -5.678886e-01	 1.584123e+00	 1.016234e+00	 -6.064660e-01
-6.076099e-01	 -5.700577e-01	 1.587586e+00	 1.017529e+00	 -6.076100e-01
-6.087528e-01	 -5.722224e-01	 1.591029e+00	 1.018807e+00	 -6.087529e-01
-6.098944e-01	 -5.743825e-01	 1.594450e+00	 1.020067e+00	 -6.098946e-01
-6.110348e-01	 -5.765382e-01	 1.597849e+00	 1.021311e+00	 -6.110349e-01
-6.121737e-01	 -5.786893e-01	 1.601227e+00	 1.022538e+00	 -6.121738e-01
-6.133111e-01	 -5.808360e-01	 1.604583e+00	 1.023747e+00	 -6.133112e-01
-6.144468e-01	 -5.829781e-01	 1.607918e+00	 1.024939e+00	 -6.144469e-01
-6.155809e-01	 -5.851157e-01	 1.611230e+00	 1.026115e+00	 -6.155810e-01
-6.167131e-01	 -5.872488e-01	 1.614521e+00	 1.027272e+00	 -6.167132e-01
-6.178433e-01	 -5.893773e-01	 1.617790e+00	 1.028413e+00	 -6.178434e-01
-6.189716e-01	 -5.915012e-01	 1.621037e+00	 1.029536e+00	 -6.189717e-01
-6.200977e-01	 -5.936206e-01	 1.624262e+00	 1.030641e+00	 -6.200978e-01
-6.212215e-01	 -5.957354e-01	 1.627465e+00	 1.031729e+00	 -6.212216e-01
-6.223430e-01	 -5.978456e-01	 1.630645e+00	 1.032800e+00	 -6.223431e-01
-6.234621e-01	 -5.999512e-01	 1.633804e+00	 1.033853e+00	 -6.234622e-01
-6.245786e-01	 -6.020522e-01	 1.636940e+00	 1.034888e+00	 -6.245787e-01
-6.256924e-01	 -6.041486e-01	 1.640054e+00	 1.035906e+00	 -6.256925e-01
-6.268034e-01	 -6.062404e-01	 1.643146e+00	 1.036906e+00	 -6.268035e-01
-6.279116e-01	 -6.083275e-01	 1.646215e+00	 1.037888e+00	 -6.279117e-01
-6.290168e-01	 -6.104099e-01	 1.649262e+00	 1.038852e+00	 -6.290169e-01
-6.301189e-01	 -6.124877e-01	 1.652287e+00	 1.039799e+00	 -6.301190e-01
-6.312178e-01	 -6.145609e-01	 1.655289e+00	 1.040728e+00	 -6.312178e-01
-6.323133e-01	 -6.166293e-01	 1.658268e+00	 1.041639e+00	 -6.323134e-01
-6.334055e-01	 -6.186931e-01	 1.661225e+00	 1.042532e+00	 -6.334055e-01
-6.344941e-01	 -6.207521e-01	 1.664159e+00	 1.043407e+00	 -6.344941e-01
-6.355791e-01	 -6.228064e-01	 1.667070e+00	 1.044264e+00	 -6.355791e-01
-6.366603e-01	 -6.248560e-01	 1.669959e+00	 1.045103e+00	 -6.366603e-01
-6.377377e-01	 -6.269009e-01	 1.672825e+00	 1.045924e+00	 -6.377377e-01
-6.388111e-01	 -6.289410e-01	 1.675668e+00	 1.046727e+00	 -6.388111e-01
-6.398804e-01	 -6.309763e-01	 1.678488e+00	 1.047512e+00	 -6.398804e-01
-6.409455e-01	 -6.330068e-01	 1.681285e+00	 1.048278e+00	 -6.409456e-01
-6.420064e-01	 -6.350325e-01	 1.684059e+00	 1.049027e+00	 -6.420064e-01
-6.430628e-01	 -6.370535e-01	 1.686811e+00	 1.049757e+00	 -6.430629e-01
-6.441147e-01	 -6.390696e-01	 1.689539e+00	 1.050470e+00	 -6.441148e-01
-6.451620e-01	 -6.410808e-01	 1.692244e+00	 1.051164e+00	 -6.451621e-01
-6.462046e-01	 -6.430872e-01	 1.694926e+00	 1.051839e+00	 -6.462046e-01
-6.472423e-01	 -6.450887e-01	 1.697586e+00	 1.052497e+00	 -6.472424e-01
-6.482751e-01	 -6.470853e-01	 1.700221e+00	 1.053136e+00	 -6.482751e-01
-6.493027e-01	 -6.490770e-01	 1.702834e+00	 1.053757e+00	 -6.493028e-01
-6.503253e-01	 -6.510638e-01	 1.705424e+00	 1.054360e+00	 -6.503253e-01
-6.513425e-01	 -6.530457e-01	 1.707990e+00	 1.054944e+00	 -6.513425e-01
-6.523543e-01	 -6.550225e-01	 1.710533e+00	 1.055510e+00	 -6.523543e-01
-6.533606e-01	 -6.569944e-01	 1.713053e+00	 1.056058e+00	 -6.533606e-01
-6.543613e-01	 -6.589613e-01	 1.715549e+00	 1.056588e+00	 -6.543613e-01
-6.553562e-01	 -6.609232e-01	 1.718022e+00	 1.057099e+00	 -6.553563e-01
-6.563454e-01	 -6.628800e-01	 1.720471e+00	 1.057591e+00	 -6.563454e-01
-6.573285e-01	 -6.648318e-01	 1.722898e+00	 1.058066e+00	 -6.573286e-01
-6.583056e-01	 -6.667785e-01	 1.725300e+00	 1.058522e+00	 -6.583057e-01
-6.592766e-01	 -6.687201e-01	 1.727679e+00	 1.058960e+00	 -6.592766e-01
-6.602412e-01	 -6.706565e-01	 1.730035e+00	 1.059379e+00	 -6.602413e-01
-6.611995e-01	 -6.725878e-01	 1.732367e+00	 1.059780e+00	 -6.611995e-01
-6.621513e-01	 -6.745139e-01	 1.734676e+00	 1.060162e+00	 -6.621513e-01
-6.630965e-01	 -6.764348e-01	 1.736961e+00	 1.060526e+00	 -6.630965e-01
-6.640349e-01	 -6.783505e-01	 1.739222e+00	 1.060872e+00	 -6.640349e-01
-6.649666e-01	 -6.802610e-01	 1.741460e+00	 1.061200e+00	 -6.649666e-01
-6.658913e-01	 -6.821661e-01	 1.743675e+00	 1.061509e+00	 -6.658913e-01
-6.668090e-01	 -6.840660e-01	 1.745865e+00	 1.061799e+00	 -6.668090e-01
-6.677195e-01	 -6.859605e-01	 1.748032e+00	 1.062072e+00	 -6.677195e-01
-6.686228e-01	 -6.878497e-01	 1.750175e+00	 1.062326e+00	 -6.686228e-01
-6.695188e-01	 -6.897335e-01	 1.752294e+00	 1.062561e+00	 -6.695188e-01
-6.704073e-01	 -6.916118e-01	 1.754390e+00	 1.062778e+00	 -6.704073e-01
-6.712882e-01	 -6.934848e-01	 1.756462e+00	 1.062977e+00	 -6.712882e-01
-6.721614e-01	 -6.953522e-01	 1.758510e+00	 1.063158e+00	 -6.721615e-01
-6.730269e-01	 -6.972141e-01	 1.760535e+00	 1.063321e+00	 -6.730270e-01
-6.738846e-01	 -6.990705e-01	 1.762535e+00	 1.063465e+00	 -6.738846e-01
-6.747342e-01	 -7.009213e-01	 1.764512e+00	 1.063591e+00	 -6.747342e-01
-6.755758e-01	 -7.027666e-01	 1.766465e+00	 1.063698e+00	 -6.755758e-01
-6.764092e-01	 -7.046061e-01	 1.768393e+00	 1.063788e+00	 -6.764092e-01
-6.772343e-01	 -7.064400e-01	 1.770299e+00	 1.063859e+00	 -6.772343e-01
-6.780510e-01	 -7.082682e-01	 1.772180e+00	 1.063912e+00	 -6.780510e-01
-6.788593e-01	 -7.100906e-01	 1.774037e+00	 1.063947e+00	 -6.788593e-01
-6.796589e-01	 -7.119073e-01	 1.775870e+00	 1.063963e+00	 -6.796589e-01
-6.804499e-01	 -7.137181e-01	 1.777680e+00	 1.063962e+00	 -6.804499e-01
-6.812322e-01	 -7.155231e-01	 1.779465e+00	 1.063942e+00	 -6.812322e-01
-6.820055e-01	 -7.173222e-01	 1.781226e+00	 1.063905e+00	 -6.820055e-01
-6.827699e-01	 -7.191153e-01	 1.782964e+00	 1.063849e+00	 -6.827699e-01
-6.835252e-01	 -7.209025e-01	 1.784677e+00	 1.063775e+00	 -6.835253e-01
-6.842714e-01	 -7.226837e-01	 1.786367e+00	 1.063683e+00	 -6.842714e-01
-6.850084e-01	 -7.244588e-01	 1.788032e+00	 1.063574e+00	 -6.850084e-01
-6.857360e-01	 -7.262277e-01	 1.789674e+00	 1.063446e+00	 -6.857360e-01
-6.864541e-01	 -7.279906e-01	 1.791291e+00	 1.063301e+00	 -6.864542e-01
-6.871628e-01	 -7.297472e-01	 1.792884e+00	 1.063137e+00	 -6.871628e-01
-6.878618e-01	 -7.314977e-01	 1.794453e+00	 1.062956e+00	 -6.878619e-01
-6.885512e-01	 -7.332418e-01	 1.795999e+00	 1.062757e+00	 -6.885512e-01
-6.892308e-01	 -7.349796e-01	 1.797520e+00	 1.062540e+00	 -6.892308e-01
-6.899005e-01	 -7.367111e-01	 1.799017e+00	 1.062306e+00	 -6.899005e-01
-6.905602e-01	 -7.384361e-01	 1.800489e+00	 1.062054e+00	 -6.905602e-01
-6.912099e-01	 -7.401547e-01	 1.801938e+00	 1.061784e+00	 -6.912099e-01
-6.918495e-01	 -7.418668e-01	 1.803363e+00	 1.061496e+00	 -6.918495e-01
-6.924789e-01	 -7.435723e-01	 1.804763e+00	 1.061191e+00	 -6.924789e-01
-6.930979e-01	 -7.452712e-01	 1.806139e+00	 1.060868e+00	 -6.930980e-01
-6.937067e-01	 -7.469634e-01	 1.807491e+00	 1.060528e+00	 -6.937067e-01
-6.943049e-01	 -7.486489e-01	 1.808819e+00	 1.060171e+00	 -6.943050e-01
-6.948927e-01	 -7.503276e-01	 1.810123e+00	 1.059796e+00	 -6.948927e-01
-6.954699e-01	 -7.519996e-01	 1.811403e+00	 1.059404e+00	 -6.954699e-01
-6.960363e-01	 -7.536646e-01	 1.812658e+00	 1.058994e+00	 -6.960364e-01
-6.965921e-01	 -7.553227e-01	 1.813889e+00	 1.058567e+00	 -6.965921e-01
-6.971370e-01	 -7.569739e-01	 1.815096e+00	 1.058123e+00	 -6.971370e-01
-6.976710e-01	 -7.586180e-01	 1.816279e+00	 1.057662e+00	 -6.976711e-01
-6.981941e-01	 -7.602550e-01	 1.817438e+00	 1.057183e+00	 -6.981941e-01
-6.987061e-01	 -7.618848e-01	 1.818572e+00	 1.056688e+00	 -6.987062e-01
-6.992071e-01	 -7.635075e-01	 1.819682e+00	 1.056175e+00	 -6.992071e-01
-6.996969e-01	 -7.651229e-01	 1.820768e+00	 1.055646e+00	 -6.996969e-01
-7.001754e-01	 -7.667309e-01	 1.821830e+00	 1.055099e+00	 -7.001754e-01
-7.006427e-01	 -7.683316e-01	 1.822867e+00	 1.054536e+00	 -7.006427e-01
-7.010986e-01	 -7.699248e-01	 1.823880e+00	 1.053956e+00	 -7.010986e-01
-7.015431e-01	 -7.715105e-01	 1.824869e+00	 1.053359e+00	 -7.015431e-01
-7.019761e-01	 -7.730887e-01	 1.825834e+00	 1.052745e+00	 -7.019762e-01
-7.023976e-01	 -7.746592e-01	 1.826774e+00	 1.052115e+00	 -7.023977e-01
-7.028075e-01	 -7.762220e-01	 1.827690e+00	 1.051468e+00	 -7.028076e-01
-7.032058e-01	 -7.777771e-01	 1.828582e+00	 1.050805e+00	 -7.032058e-01
-7.035924e-01	 -7.793243e-01	 1.829449e+00	 1.050125e+00	 -7.035924e-01
-7.039672e-01	 -7.808637e-01	 1.830292e+00	 1.049429e+00	 -7.039673e-01
-7.043303e-01	 -7.823951e-01	 1.831111e+00	 1.048716e+00	 -7.043303e-01
-7.046815e-01	 -7.839185e-01	 1.831905e+00	 1.047987e+00	 -7.046815e-01
-7.050208e-01	 -7.854338e-01	 1.832676e+00	 1.047242e+00	 -7.050208e-01
-7.053481e-01	 -7.869410e-01	 1.833421e+00	 1.046481e+00	 -7.053482e-01
-7.056635e-01	 -7.884399e-01	 1.834143e+00	 1.045703e+00	 -7.056636e-01
-7.059669e-01	 -7.899306e-01	 1.834840e+00	 1.044910e+00	 -7.059669e-01
-7.062582e-01	 -7.914129e-01	 1.835513e+00	 1.044100e+00	 -7.062582e-01
-7.065374e-01	 -7.928868e-01	 1.836161e+00	 1.043275e+00	 -7.065374e-01
-7.068044e-01	 -7.943522e-01	 1.836786e+00	 1.042434e+00	 -7.068045e-01
-7.070593e-01	 -7.958091e-01	 1.837385e+00	 1.041577e+00	 -7.070593e-01
-7.073020e-01	 -7.972573e-01	 1.837961e+00	 1.040704e+00	 -7.073020e-01
-7.075324e-01	 -7.986968e-01	 1.838512e+00	 1.039816e+00	 -7.075324e-01
-7.077505e-01	 -8.001276e-01	 1.839039e+00	 1.038912e+00	 -7.077506e-01
-7.079564e-01	 -8.015495e-01	 1.839541e+00	 1.037992e+00	 -7.079564e-01
-7.081499e-01	 -8.029624e-01	 1.840019e+00	 1.037057e+00	 -7.081499e-01
-7.083310e-01	 -8.043664e-01	 1.840473e+00	 1.036107e+00	 -7.083311e-01
-7.084998e-01	 -8.057614e-01	 1.840902e+00	 1.035141e+00	 -7.084998e-01
-7.086561e-01	 -8.071470e-01	 1.841307e+00	 1.034160e+00	 -7.086562e-01
-7.088000e-01	 -8.085236e-01	 1.841687e+00	 1.033164e+00	 -7.088001e-01
-7.089315e-01	 -8.098909e-01	 1.842043e+00	 1.032153e+00	 -7.089316e-01
-7.090505e-01	 -8.112488e-01	 1.842375e+00	 1.031127e+00	 -7.090506e-01
-7.091570e-01	 -8.125973e-01	 1.842682e+00	 1.030085e+00	 -7.091571e-01
-7.092511e-01	 -8.139363e-01	 1.842965e+00	 1.029029e+00	 -7.092511e-01
-7.093326e-01	 -8.152657e-01	 1.843223e+00	 1.027958e+00	 -7.093327e-01
-7.094016e-01	 -8.165854e-01	 1.843457e+00	 1.026873e+00	 -7.094017e-01
-7.094580e-01	 -8.178954e-01	 1.843667e+00	 1.025772e+00	 -7.094581e-01
-7.095020e-01	 -8.191956e-01	 1.843852e+00	 1.024657e+00	 -7.095020e-01
-7.095333e-01	 -8.204859e-01	 1.844013e+00	 1.023528e+00	 -7.095334e-01
-7.095522e-01	 -8.217662e-01	 1.844149e+00	 1.022384e+00	 -7.095523e-01
-7.095584e-01	 -8.230365e-01	 1.844261e+00	 1.021225e+00	 -7.095585e-01
-7.095522e-01	 -8.242967e-01	 1.844348e+00	 1.020053e+00	 -7.095523e-01
-7.095333e-01	 -8.255466e-01	 1.844411e+00	 1.018866e+00	 -7.095334e-01
-7.095020e-01	 -8.267863e-01	 1.844450e+00	 1.017664e+00	 -7.095021e-01
-7.094580e-01	 -8.280156e-01	 1.844464e+00	 1.016449e+00	 -7.094581e-01
-7.094016e-01	 -8.292344e-01	 1.844454e+00	 1.015220e+00	 -7.094017e-01
-7.093326e-01	 -8.304428e-01	 1.844419e+00	 1.013977e+00	 -7.093327e-01
-7.092511e-01	 -8.316405e-01	 1.844359e+00	 1.012720e+00	 -7.092512e-01
-7.091571e-01	 -8.328276e-01	 1.844276e+00	 1.011449e+00	 -7.091572e-01
-7.090505e-01	 -8.340039e-01	 1.844168e+00	 1.010164e+00	 -7.090506e-01
-7.089315e-01	 -8.351694e-01	 1.844035e+00	 1.008866e+00	 -7.089316e-01
-7.088001e-01	 -8.363240e-01	 1.843878e+00	 1.007555e+00	 -7.088002e-01
-7.086561e-01	 -8.374675e-01	 1.843696e+00	 1.006229e+00	 -7.086563e-01
-7.084998e-01	 -8.386000e-01	 1.843490e+00	 1.004891e+00	 -7.084999e-01
-7.083310e-01	 -8.397216e-01	 1.843259e+00	 1.003538e+00	 -7.083311e-01
-7.081499e-01	 -8.408317e-01	 1.843004e+00	 1.002173e+00	 -7.081500e-01
-7.079564e-01	 -8.419305e-01	 1.842725e+00	 1.000795e+00	 -7.079565e-01
-7.077506e-01	 -8.430179e-01	 1.842421e+00	 9.994033e-01	 -7.077506e-01
-7.075324e-01	 -8.440939e-01	 1.842092e+00	 9.979988e-01	 -7.075325e-01
-7.073020e-01	 -8.451583e-01	 1.841739e+00	 9.965814e-01	 -7.073021e-01
-7.070593e-01	 -8.462110e-01	 1.841362e+00	 9.951511e-01	 -7.070594e-01
-7.068045e-01	 -8.472521e-01	 1.840960e+00	 9.937080e-01	 -7.068045e-01
-7.065374e-01	 -8.482814e-01	 1.840533e+00	 9.922522e-01	 -7.065375e-01
-7.062582e-01	 -8.492988e-01	 1.840082e+00	 9.907837e-01	 -7.062583e-01
-7.059669e-01	 -8.503042e-01	 1.839606e+00	 9.893027e-01	 -7.059670e-01
-7.056636e-01	 -8.512977e-01	 1.839106e+00	 9.878092e-01	 -7.056636e-01
-7.053482e-01	 -8.522790e-01	 1.838582e+00	 9.863033e-01	 -7.053482e-01
-7.050208e-01	 -8.532481e-01	 1.838033e+00	 9.847851e-01	 -7.050209e-01
-7.046815e-01	 -8.542050e-01	 1.837459e+00	 9.832546e-01	 -7.046816e-01
-7.043303e-01	 -8.551496e-01	 1.836861e+00	 9.817119e-01	 -7.043304e-01
-7.039673e-01	 -8.560817e-01	 1.836238e+00	 9.801572e-01	 -7.039673e-01
-7.035924e-01	 -8.570013e-01	 1.835591e+00	 9.785904e-01	 -7.035925e-01
-7.032058e-01	 -8.579084e-01	 1.834919e+00	 9.770117e-01	 -7.032059e-01
-7.028076e-01	 -8.588028e-01	 1.834223e+00	 9.754211e-01	 -7.028077e-01
-7.023977e-01	 -8.596845e-01	 1.833503e+00	 9.738187e-01	 -7.023977e-01
-7.019762e-01	 -8.605534e-01	 1.832757e+00	 9.722046e-01	 -7.019762e-01
-7.015431e-01	 -8.614094e-01	 1.831988e+00	 9.705788e-01	 -7.015432e-01
-7.010986e-01	 -8.622524e-01	 1.831193e+00	 9.689415e-01	 -7.010987e-01
-7.006427e-01	 -8.630824e-01	 1.830375e+00	 9.672927e-01	 -7.006428e-01
-7.001755e-01	 -8.638993e-01	 1.829531e+00	 9.656325e-01	 -7.001755e-01
-6.996969e-01	 -8.647031e-01	 1.828663e+00	 9.639610e-01	 -6.996970e-01
-6.992071e-01	 -8.654935e-01	 1.827771e+00	 9.622782e-01	 -6.992072e-01
-6.987062e-01	 -8.662707e-01	 1.826854e+00	 9.605842e-01	 -6.987063e-01
-6.981941e-01	 -8.670344e-01	 1.825913e+00	 9.588791e-01	 -6.981942e-01
-6.976711e-01	 -8.677847e-01	 1.824947e+00	 9.571629e-01	 -6.976712e-01
-6.971370e-01	 -8.685214e-01	 1.823957e+00	 9.554358e-01	 -6.971371e-01
-6.965921e-01	 -8.692445e-01	 1.822942e+00	 9.536978e-01	 -6.965922e-01
-6.960364e-01	 -8.699539e-01	 1.821902e+00	 9.519490e-01	 -6.960365e-01
-6.954699e-01	 -8.706495e-01	 1.820838e+00	 9.501894e-01	 -6.954700e-01
-6.948927e-01	 -8.713313e-01	 1.819750e+00	 9.484192e-01	 -6.948928e-01
-6.943050e-01	 -8.719993e-01	 1.818637e+00	 9.466383e-01	 -6.943051e-01
-6.937067e-01	 -8.726532e-01	 1.817500e+00	 9.448470e-01	 -6.937068e-01
-6.930980e-01	 -8.732931e-01	 1.816338e+00	 9.430452e-01	 -6.930981e-01
-6.924789e-01	 -8.739189e-01	 1.815151e+00	 9.412330e-01	 -6.924790e-01
-6.918495e-01	 -8.745305e-01	 1.813940e+00	 9.394105e-01	 -6.918496e-01
-6.912099e-01	 -8.751278e-01	 1.812705e+00	 9.375777e-01	 -6.912100e-01
-6.905602e-01	 -8.757109e-01	 1.811445e+00	 9.357348e-01	 -6.905603e-01
-6.899005e-01	 -8.762796e-01	 1.810161e+00	 9.338819e-01	 -6.899006e-01
-6.892308e-01	 -8.768338e-01	 1.808852e+00	 9.320188e-01	 -6.892309e-01
-6.885512e-01	 -8.773736e-01	 1.807519e+00	 9.301459e-01	 -6.885513e-01
-6.878619e-01	 -8.778987e-01	 1.806161e+00	 9.282630e-01	 -6.878620e-01
-6.871628e-01	 -8.784093e-01	 1.804779e+00	 9.263704e-01	 -6.871629e-01
-6.864542e-01	 -8.789051e-01	 1.803372e+00	 9.244679e-01	 -6.864543e-01
-6.857360e-01	 -8.793862e-01	 1.801941e+00	 9.225559e-01	 -6.857361e-01
-6.850084e-01	 -8.798525e-01	 1.800486e+00	 9.206342e-01	 -6.850085e-01
-6.842715e-01	 -8.803039e-01	 1.799006e+00	 9.187029e-01	 -6.842716e-01
-6.835253e-01	 -8.807404e-01	 1.797502e+00	 9.167622e-01	 -6.835254e-01
-6.827700e-01	 -8.811619e-01	 1.795973e+00	 9.148121e-01	 -6.827700e-01
-6.820056e-01	 -8.815684e-01	 1.794420e+00	 9.128527e-01	 -6.820056e-01
-6.812322e-01	 -8.819597e-01	 1.792843e+00	 9.108839e-01	 -6.812323e-01
-6.804500e-01	 -8.823359e-01	 1.791241e+00	 9.089060e-01	 -6.804501e-01
-6.796590e-01	 -8.826969e-01	 1.789615e+00	 9.069189e-01	 -6.796591e-01
-6.788593e-01	 -8.830426e-01	 1.787965e+00	 9.049228e-01	 -6.788594e-01
-6.780510e-01	 -8.833730e-01	 1.786290e+00	 9.029177e-01	 -6.780511e-01
-6.772343e-01	 -8.836881e-01	 1.784591e+00	 9.009036e-01	 -6.772344e-01
-6.764092e-01	 -8.839877e-01	 1.782868e+00	 8.988806e-01	 -6.764093e-01
-6.755758e-01	 -8.842718e-01	 1.781120e+00	 8.968488e-01	 -6.755759e-01
-6.747342e-01	 -8.845405e-01	 1.779348e+00	 8.948082e-01	 -6.747343e-01
-6.738846e-01	 -8.847935e-01	 1.777552e+00	 8.927590e-01	 -6.738847e-01
-6.730270e-01	 -8.850310e-01	 1.775731e+00	 8.907011e-01	 -6.730271e-01
-6.721615e-01	 -8.852528e-01	 1.773887e+00	 8.886347e-01	 -6.721616e-01
-6.712882e-01	 -8.854589e-01	 1.772018e+00	 8.865597e-01	 -6.712883e-01
-6.704073e-01	 -8.856492e-01	 1.770125e+00	 8.844764e-01	 -6.704074e-01
-6.695188e-01	 -8.858238e-01	 1.768208e+00	 8.823846e-01	 -6.695189e-01
-6.686229e-01	 -8.859825e-01	 1.766266e+00	 8.802845e-01	 -6.686229e-01
-6.677196e-01	 -8.861253e-01	 1.764301e+00	 8.781761e-01	 -6.677196e-01
-6.668090e-01	 -8.862522e-01	 1.762311e+00	 8.760596e-01	 -6.668091e-01
-6.658913e-01	 -8.863632e-01	 1.760297e+00	 8.739349e-01	 -6.658914e-01
-6.649666e-01	 -8.864582e-01	 1.758260e+00	 8.718021e-01	 -6.649667e-01
-6.640350e-01	 -8.865372e-01	 1.756198e+00	 8.696612e-01	 -6.640350e-01
-6.630965e-01	 -8.866001e-01	 1.754112e+00	 8.675124e-01	 -6.630966e-01
-6.621513e-01	 -8.866469e-01	 1.752002e+00	 8.653557e-01	 -6.621514e-01
-6.611995e-01	 -8.866776e-01	 1.749868e+00	 8.631912e-01	 -6.611996e-01
-6.602413e-01	 -8.866921e-01	 1.747710e+00	 8.610188e-01	 -6.602413e-01
-6.592766e-01	 -8.866904e-01	 1.745528e+00	 8.588387e-01	 -6.592767e-01
-6.583057e-01	 -8.866725e-01	 1.743323e+00	 8.566509e-01	 -6.583057e-01
-6.573285e-01	 -8.866384e-01	 1.741093e+00	 8.544554e-01	 -6.573286e-01
-6.563454e-01	 -8.865880e-01	 1.738840e+00	 8.522524e-01	 -6.563454e-01
-6.553563e-01	 -8.865213e-01	 1.736562e+00	 8.500419e-01	 -6.553563e-01
-6.543613e-01	 -8.864382e-01	 1.734261e+00	 8.478239e-01	 -6.543614e-01
-6.533606e-01	 -8.863388e-01	 1.731937e+00	 8.455984e-01	 -6.533607e-01
-6.523543e-01	 -8.862230e-01	 1.729588e+00	 8.433656e-01	 -6.523544e-01
-6.513425e-01	 -8.860909e-01	 1.727216e+00	 8.411255e-01	 -6.513426e-01
-6.503253e-01	 -8.859423e-01	 1.724820e+00	 8.388782e-01	 -6.503253e-01
-6.493028e-01	 -8.857773e-01	 1.722400e+00	 8.366236e-01	 -6.493028e-01
-6.482751e-01	 -8.855958e-01	 1.719957e+00	 8.343619e-01	 -6.482751e-01
-6.472423e-01	 -8.853978e-01	 1.717490e+00	 8.320930e-01	 -6.472424e-01
-6.462046e-01	 -8.851834e-01	 1.715000e+00	 8.298171e-01	 -6.462047e-01
-6.451621e-01	 -8.849524e-01	 1.712486e+00	 8.275342e-01	 -6.451621e-01
-6.441148e-01	 -8.847050e-01	 1.709949e+00	 8.252444e-01	 -6.441148e-01
-6.430628e-01	 -8.844410e-01	 1.707388e+00	 8.229476e-01	 -6.430629e-01
-6.420064e-01	 -8.841605e-01	 1.704804e+00	 8.206440e-01	 -6.420064e-01
-6.409455e-01	 -8.838634e-01	 1.702196e+00	 8.183336e-01	 -6.409456e-01
-6.398804e-01	 -8.835498e-01	 1.699566e+00	 8.160165e-01	 -6.398804e-01
-6.388111e-01	 -8.832197e-01	 1.696912e+00	 8.136926e-01	 -6.388111e-01
-6.377377e-01	 -8.828729e-01	 1.694234e+00	 8.113620e-01	 -6.377377e-01
-6.366603e-01	 -8.825096e-01	 1.691534e+00	 8.090249e-01	 -6.366603e-01
-6.355791e-01	 -8.821297e-01	 1.688810e+00	 8.066812e-01	 -6.355791e-01
-6.344941e-01	 -8.817333e-01	 1.686064e+00	 8.043309e-01	 -6.344941e-01
-6.334055e-01	 -8.813203e-01	 1.683294e+00	 8.019742e-01	 -6.334055e-01
-6.323133e-01	 -8.808907e-01	 1.680501e+00	 7.996111e-01	 -6.323133e-01
-6.312177e-01	 -8.804445e-01	 1.677685e+00	 7.972416e-01	 -6.312178e-01
-6.301189e-01	 -8.799817e-01	 1.674847e+00	 7.948658e-01	 -6.301189e-01
-6.290168e-01	 -8.795024e-01	 1.671985e+00	 7.924837e-01	 -6.290168e-01
-6.279116e-01	 -8.790066e-01	 1.669101e+00	 7.900953e-01	 -6.279116e-01
-6.268034e-01	 -8.784941e-01	 1.666194e+00	 7.877007e-01	 -6.268035e-01
-6.256924e-01	 -8.779652e-01	 1.663264e+00	 7.853000e-01	 -6.256924e-01
-6.245786e-01	 -8.774197e-01	 1.660312e+00	 7.828932e-01	 -6.245786e-01
-6.234621e-01	 -8.768577e-01	 1.657337e+00	 7.804803e-01	 -6.234621e-01
-6.223430e-01	 -8.762792e-01	 1.654340e+00	 7.780614e-01	 -6.223430e-01
-6.212215e-01	 -8.756841e-01	 1.651320e+00	 7.756366e-01	 -6.212215e-01
-6.200977e-01	 -8.750726e-01	 1.648278e+00	 7.732058e-01	 -6.200977e-01
-6.189716e-01	 -8.744447e-01	 1.645213e+00	 7.707691e-01	 -6.189716e-01
-6.178433e-01	 -8.738003e-01	 1.642126e+00	 7.683266e-01	 -6.178433e-01
-6.167130e-01	 -8.731395e-01	 1.639017e+00	 7.658783e-01	 -6.167130e-01
-6.155808e-01	 -8.724622e-01	 1.635886e+00	 7.634242e-01	 -6.155808e-01
-6.144468e-01	 -8.717686e-01	 1.632732e+00	 7.609645e-01	 -6.144468e-01
-6.133110e-01	 -8.710586e-01	 1.629557e+00	 7.584990e-01	 -6.133110e-01
-6.121736e-01	 -8.703323e-01	 1.626360e+00	 7.560280e-01	 -6.121736e-01
-6.110347e-01	 -8.695897e-01	 1.623140e+00	 7.535513e-01	 -6.110347e-01
-6.098944e-01	 -8.688308e-01	 1.619899e+00	 7.510692e-01	 -6.098944e-01
-6.087527e-01	 -8.680557e-01	 1.616636e+00	 7.485815e-01	 -6.087527e-01
-6.076099e-01	 -8.672644e-01	 1.613352e+00	 7.460879e-01	 -6.076099e-01
-6.064659e-01	 -8.664568e-01	 1.610046e+00	 7.435894e-01	 -6.064659e-01
-6.053209e-01	 -8.656331e-01	 1.606718e+00	 7.410855e-01	 -6.053209e-01
-6.041750e-01	 -8.647932e-01	 1.603369e+00	 7.385763e-01	 -6.041749e-01
-6.030282e-01	 -8.639372e-01	 1.599999e+00	 7.360619e-01	 -6.030282e-01
-6.018807e-01	 -8.630652e-01	 1.596607e+00	 7.335422e-01	 -6.018807e-01
-6.007326e-01	 -8.621772e-01	 1.593194e+00	 7.310173e-01	 -6.007326e-01
-5.995840e-01	 -8.612732e-01	 1.589760e+00	 7.284872e-01	 -5.995840e-01
-5.984349e-01	 -8.603532e-01	 1.586305e+00	 7.259521e-01	 -5.984349e-01
-5.972855e-01	 -8.594174e-01	 1.582829e+00	 7.234119e-01	 -5.972855e-01
-5.961359e-01	 -8.584657e-01	 1.579332e+00	 7.208667e-01	 -5.961359e-01
-5.949861e-01	 -8.574982e-01	 1.575814e+00	 7.183165e-01	 -5.949861e-01
-5.938362e-01	 -8.565149e-01	 1.572276e+00	 7.157613e-01	 -5.938362e-01
-5.926864e-01	 -8.555160e-01	 1.568717e+00	 7.132013e-01	 -5.926864e-01
-5.915367e-01	 -8.545013e-01	 1.565137e+00	 7.106365e-01	 -5.915367e-01
-5.903872e-01	 -8.534711e-01	 1.561537e+00	 7.080669e-01	 -5.903872e-01
-5.892381e-01	 -8.524253e-01	 1.557917e+00	 7.054925e-01	 -5.892380e-01
-5.880893e-01	 -8.513639e-01	 1.554277e+00	 7.029134e-01	 -5.880892e-01
-5.869410e-01	 -8.502871e-01	 1.550616e+00	 7.003297e-01	 -5.869410e-01
-5.857933e-01	 -8.491950e-01	 1.546936e+00	 6.977414e-01	 -5.857933e-01
-5.846463e-01	 -8.480874e-01	 1.543235e+00	 6.951485e-01	 -5.846462e-01
-5.835000e-01	 -8.469646e-01	 1.539515e+00	 6.925510e-01	 -5.835000e-01
-5.823546e-01	 -8.458266e-01	 1.535775e+00	 6.899491e-01	 -5.823545e-01
-5.812101e-01	 -8.446734e-01	 1.532016e+00	 6.873428e-01	 -5.812100e-01
-5.800666e-01	 -8.435051e-01	 1.528237e+00	 6.847321e-01	 -5.800665e-01
-5.789242e-01	 -8.423217e-01	 1.524438e+00	 6.821171e-01	 -5.789241e-01
-5.777830e-01	 -8.411234e-01	 1.520621e+00	 6.794978e-01	 -5.777829e-01
-5.766430e-01	 -8.399102e-01	 1.516784e+00	 6.768743e-01	 -5.766430e-01
-5.755044e-01	 -8.386822e-01	 1.512928e+00	 6.742466e-01	 -5.755044e-01
-5.743673e-01	 -8.374393e-01	 1.509054e+00	 6.716148e-01	 -5.743672e-01
-5.732316e-01	 -8.361818e-01	 1.505160e+00	 6.689789e-01	 -5.732315e-01
-5.720975e-01	 -8.349097e-01	 1.501248e+00	 6.663389e-01	 -5.720975e-01
-5.709652e-01	 -8.336230e-01	 1.497318e+00	 6.636950e-01	 -5.709651e-01
-5.698345e-01	 -8.323219e-01	 1.493369e+00	 6.610472e-01	 -5.698345e-01
-5.687057e-01	 -8.310064e-01	 1.489401e+00	 6.583955e-01	 -5.687057e-01
-5.675788e-01	 -8.296765e-01	 1.485416e+00	 6.557400e-01	 -5.675788e-01
-5.664539e-01	 -8.283325e-01	 1.481413e+00	 6.530807e-01	 -5.664539e-01
-5.653311e-01	 -8.269742e-01	 1.477391e+00	 6.504177e-01	 -5.653310e-01
-5.642104e-01	 -8.256019e-01	 1.473353e+00	 6.477511e-01	 -5.642103e-01
-5.630919e-01	 -8.242156e-01	 1.469296e+00	 6.450809e-01	 -5.630918e-01
-5.619757e-01	 -8.228155e-01	 1.465222e+00	 6.424072e-01	 -5.619756e-01
-5.608619e-01	 -8.214015e-01	 1.461131e+00	 6.397300e-01	 -5.608618e-01
-5.597505e-01	 -8.199738e-01	 1.457023e+00	 6.370493e-01	 -5.597504e-01
-5.586416e-01	 -8.185324e-01	 1.452897e+00	 6.343654e-01	 -5.586415e-01
-5.575353e-01	 -8.170776e-01	 1.448755e+00	 6.316781e-01	 -5.575352e-01
-5.564317e-01	 -8.156093e-01	 1.444596e+00	 6.289876e-01	 -5.564316e-01
-5.553307e-01	 -8.141276e-01	 1.440421e+00	 6.262939e-01	 -5.553306e-01
-5.542326e-01	 -8.126327e-01	 1.436229e+00	 6.235972e-01	 -5.542325e-01
-5.531373e-01	 -8.111247e-01	 1.432022e+00	 6.208974e-01	 -5.531372e-01
-5.520450e-01	 -8.096036e-01	 1.427798e+00	 6.181946e-01	 -5.520449e-01
-5.509556e-01	 -8.080696e-01	 1.423558e+00	 6.154889e-01	 -5.509555e-01
-5.498693e-01	 -8.065227e-01	 1.419303e+00	 6.127804e-01	 -5.498692e-01
-5.487862e-01	 -8.049631e-01	 1.415032e+00	 6.100692e-01	 -5.487861e-01
-5.477062e-01	 -8.033909e-01	 1.410746e+00	 6.073552e-01	 -5.477061e-01
-5.466295e-01	 -8.018062e-01	 1.406444e+00	 6.046386e-01	 -5.466294e-01
-5.455561e-01	 -8.002091e-01	 1.402128e+00	 6.019195e-01	 -5.455560e-01
-5.444862e-01	 -7.985997e-01	 1.397797e+00	 5.991980e-01	 -5.444860e-01
-5.434196e-01	 -7.969781e-01	 1.393452e+00	 5.964740e-01	 -5.434195e-01
-5.423566e-01	 -7.953444e-01	 1.389092e+00	 5.937477e-01	 -5.423565e-01
-5.412972e-01	 -7.936988e-01	 1.384718e+00	 5.910192e-01	 -5.412970e-01
-5.402414e-01	 -7.920414e-01	 1.380329e+00	 5.882885e-01	 -5.402412e-01
-5.391893e-01	 -7.903724e-01	 1.375928e+00	 5.855558e-01	 -5.391891e-01
-5.381409e-01	 -7.886917e-01	 1.371512e+00	 5.828211e-01	 -5.381408e-01
-5.370964e-01	 -7.869996e-01	 1.367084e+00	 5.800845e-01	 -5.370962e-01
-5.360557e-01	 -7.852962e-01	 1.362642e+00	 5.773461e-01	 -5.360556e-01
-5.350190e-01	 -7.835816e-01	 1.358187e+00	 5.746059e-01	 -5.350189e-01
-5.339863e-01	 -7.818560e-01	 1.353720e+00	 5.718642e-01	 -5.339861e-01
-5.329576e-01	 -7.801194e-01	 1.349240e+00	 5.691209e-01	 -5.329575e-01
-5.319331e-01	 -7.783721e-01	 1.344748e+00	 5.663761e-01	 -5.319329e-01
-5.309127e-01	 -7.766141e-01	 1.340244e+00	 5.636300e-01	 -5.309125e-01
-5.298965e-01	 -7.748457e-01	 1.335728e+00	 5.608827e-01	 -5.298963e-01
-5.288845e-01	 -7.730669e-01	 1.331201e+00	 5.581342e-01	 -5.288844e-01
-5.278770e-01	 -7.712778e-01	 1.326662e+00	 5.553847e-01	 -5.278768e-01
-5.268737e-01	 -7.694788e-01	 1.322113e+00	 5.526343e-01	 -5.268736e-01
-5.258750e-01	 -7.676698e-01	 1.317552e+00	 5.498830e-01	 -5.258748e-01
-5.248807e-01	 -7.658511e-01	 1.312982e+00	 5.471310e-01	 -5.248805e-01
-5.238909e-01	 -7.640228e-01	 1.308401e+00	 5.443784e-01	 -5.238907e-01
-5.229057e-01	 -7.621850e-01	 1.303810e+00	 5.416253e-01	 -5.229056e-01
-5.219252e-01	 -7.603379e-01	 1.299209e+00	 5.388719e-01	 -5.219250e-01
-5.209494e-01	 -7.584818e-01	 1.294599e+00	 5.361181e-01	 -5.209492e-01
-5.199783e-01	 -7.566167e-01	 1.289980e+00	 5.333643e-01	 -5.199781e-01
-5.190119e-01	 -7.547428e-01	 1.285353e+00	 5.306104e-01	 -5.190118e-01
-5.180505e-01	 -7.528603e-01	 1.280716e+00	 5.278567e-01	 -5.180503e-01
-5.170939e-01	 -7.509694e-01	 1.276072e+00	 5.251032e-01	 -5.170937e-01
-5.161422e-01	 -7.490702e-01	 1.271420e+00	 5.223500e-01	 -5.161420e-01
-5.151955e-01	 -7.471629e-01	 1.266760e+00	 5.195974e-01	 -5.151954e-01
-5.142539e-01	 -7.452477e-01	 1.262093e+00	 5.168455e-01	 -5.142537e-01
-5.133173e-01	 -7.433248e-01	 1.257419e+00	 5.140943e-01	 -5.133171e-01
-5.123859e-01	 -7.413944e-01	 1.252738e+00	 5.113441e-01	 -5.123857e-01
-5.114596e-01	 -7.394567e-01	 1.248051e+00	 5.085949e-01	 -5.114594e-01
-5.105386e-01	 -7.375118e-01	 1.243358e+00	 5.058470e-01	 -5.105383e-01
-5.096228e-01	 -7.355599e-01	 1.238660e+00	 5.031005e-01	 -5.096225e-01
-5.087122e-01	 -7.336014e-01	 1.233956e+00	 5.003555e-01	 -5.087120e-01
-5.078071e-01	 -7.316363e-01	 1.229248e+00	 4.976123e-01	 -5.078069e-01
-5.069073e-01	 -7.296648e-01	 1.224535e+00	 4.948709e-01	 -5.069071e-01
-5.060130e-01	 -7.276873e-01	 1.219818e+00	 4.921315e-01	 -5.060128e-01
-5.051242e-01	 -7.257038e-01	 1.215098e+00	 4.893943e-01	 -5.051239e-01
-5.042408e-01	 -7.237146e-01	 1.210374e+00	 4.866596e-01	 -5.042406e-01
-5.033631e-01	 -7.217200e-01	 1.205647e+00	 4.839273e-01	 -5.033628e-01
-5.024909e-01	 -7.197202e-01	 1.200918e+00	 4.811979e-01	 -5.024907e-01
-5.016244e-01	 -7.177153e-01	 1.196186e+00	 4.784713e-01	 -5.016242e-01
-5.007636e-01	 -7.157056e-01	 1.191453e+00	 4.757479e-01	 -5.007634e-01
-4.999085e-01	 -7.136914e-01	 1.186719e+00	 4.730278e-01	 -4.999083e-01
-4.990592e-01	 -7.116729e-01	 1.181984e+00	 4.703112e-01	 -4.990589e-01
-4.982156e-01	 -7.096503e-01	 1.177248e+00	 4.675988e-01	 -4.982152e-01
-4.973780e-01	 -7.076240e-01	 1.172513e+00	 4.648899e-01	 -4.973776e-01
-4.965462e-01	 -7.055941e-01	 1.167778e+00	 4.621850e-01	 -4.965458e-01
-4.957204e-01	 -7.035608e-01	 1.163045e+00	 4.594846e-01	 -4.957200e-01
-4.949005e-01	 -7.015246e-01	 1.158312e+00	 4.567887e-01	 -4.949001e-01
-4.940867e-01	 -6.994855e-01	 1.153582e+00	 4.540976e-01	 -4.940863e-01
-4.932789e-01	 -6.974440e-01	 1.148855e+00	 4.514115e-01	 -4.932785e-01
-4.924772e-01	 -6.954002e-01	 1.144130e+00	 4.487307e-01	 -4.924768e-01
-4.916816e-01	 -6.933545e-01	 1.139409e+00	 4.460554e-01	 -4.916812e-01
-4.908922e-01	 -6.913071e-01	 1.134692e+00	 4.433859e-01	 -4.908918e-01
-4.901090e-01	 -6.892584e-01	 1.129980e+00	 4.407223e-01	 -4.901086e-01
-4.893321e-01	 -6.872086e-01	 1.125273e+00	 4.380650e-01	 -4.893317e-01
-4.885614e-01	 -6.851580e-01	 1.120571e+00	 4.354143e-01	 -4.885610e-01
-4.877971e-01	 -6.831069e-01	 1.115876e+00	 4.327703e-01	 -4.877967e-01
-4.870391e-01	 -6.810557e-01	 1.111188e+00	 4.301334e-01	 -4.870387e-01
-4.862875e-01	 -6.790046e-01	 1.106508e+00	 4.275039e-01	 -4.862871e-01
-4.855424e-01	 -6.769540e-01	 1.101835e+00	 4.248820e-01	 -4.855419e-01
-4.848037e-01	 -6.749041e-01	 1.097171e+00	 4.222680e-01	 -4.848033e-01
-4.840715e-01	 -6.728555e-01	 1.092517e+00	 4.196622e-01	 -4.840711e-01
-4.833459e-01	 -6.708082e-01	 1.087872e+00	 4.170650e-01	 -4.833455e-01
-4.826269e-01	 -6.687628e-01	 1.083239e+00	 4.144765e-01	 -4.826264e-01
-4.819145e-01	 -6.667196e-01	 1.078616e+00	 4.118973e-01	 -4.819140e-01
-4.812087e-01	 -6.646788e-01	 1.074006e+00	 4.093275e-01	 -4.812083e-01
-4.805097e-01	 -6.626410e-01	 1.069408e+00	 4.067675e-01	 -4.805092e-01
-4.798174e-01	 -6.606064e-01	 1.064823e+00	 4.042176e-01	 -4.798169e-01
-4.791318e-01	 -6.585754e-01	 1.060253e+00	 4.016783e-01	 -4.791314e-01
-4.784531e-01	 -6.565484e-01	 1.055697e+00	 3.991497e-01	 -4.784526e-01
-4.777812e-01	 -6.545258e-01	 1.051157e+00	 3.966324e-01	 -4.777808e-01
-4.771162e-01	 -6.525080e-01	 1.046634e+00	 3.941266e-01	 -4.771158e-01
-4.764581e-01	 -6.504953e-01	 1.042127e+00	 3.916328e-01	 -4.764577e-01
-4.758070e-01	 -6.484883e-01	 1.037639e+00	 3.891512e-01	 -4.758066e-01
-4.751629e-01	 -6.464872e-01	 1.033169e+00	 3.866824e-01	 -4.751625e-01
-4.745258e-01	 -6.444926e-01	 1.028718e+00	 3.842266e-01	 -4.745254e-01
-4.738958e-01	 -6.425048e-01	 1.024288e+00	 3.817843e-01	 -4.738954e-01
-4.732730e-01	 -6.405243e-01	 1.019879e+00	 3.793560e-01	 -4.732725e-01
-4.726572e-01	 -6.385515e-01	 1.015493e+00	 3.769419e-01	 -4.726567e-01
-4.720487e-01	 -6.365869e-01	 1.011129e+00	 3.745426e-01	 -4.720482e-01
-4.714473e-01	 -6.346309e-01	 1.006789e+00	 3.721585e-01	 -4.714469e-01
-4.708533e-01	 -6.326840e-01	 1.002473e+00	 3.697900e-01	 -4.708528e-01
-4.702665e-01	 -6.307466e-01	 9.981835e-01	 3.674375e-01	 -4.702661e-01
-4.696871e-01	 -6.288194e-01	 9.939203e-01	 3.651016e-01	 -4.696867e-01
-4.691151e-01	 -6.269026e-01	 9.896846e-01	 3.627827e-01	 -4.691146e-01
-4.685505e-01	 -6.249968e-01	 9.854774e-01	 3.604813e-01	 -4.685500e-01
-4.679934e-01	 -6.231026e-01	 9.812997e-01	 3.581978e-01	 -4.679929e-01
-4.674437e-01	 -6.212204e-01	 9.771525e-01	 3.559327e-01	 -4.674433e-01
-4.669016e-01	 -6.193508e-01	 9.730367e-01	 3.536866e-01	 -4.669012e-01
-4.663671e-01	 -6.174942e-01	 9.689535e-01	 3.514599e-01	 -4.663667e-01
-4.658402e-01	 -6.156512e-01	 9.649038e-01	 3.492532e-01	 -4.658398e-01
-4.653210e-01	 -6.138224e-01	 9.608888e-01	 3.470670e-01	 -4.653206e-01
-4.648095e-01	 -6.120082e-01	 9.569094e-01	 3.449019e-01	 -4.648091e-01
-4.643058e-01	 -6.102093e-01	 9.529669e-01	 3.427583e-01	 -4.643053e-01
-4.638098e-01	 -6.084262e-01	 9.490623e-01	 3.406368e-01	 -4.638093e-01
-4.633217e-01	 -6.066594e-01	 9.451967e-01	 3.385379e-01	 -4.633212e-01
-4.628414e-01	 -6.049096e-01	 9.413714e-01	 3.364624e-01	 -4.628410e-01
-4.623691e-01	 -6.031774e-01	 9.375874e-01	 3.344106e-01	 -4.623686e-01
-4.619047e-01	 -6.014632e-01	 9.338459e-01	 3.323832e-01	 -4.619043e-01
-4.614483e-01	 -5.997678e-01	 9.301481e-01	 3.303809e-01	 -4.614479e-01
-4.610000e-01	 -5.980917e-01	 9.264952e-01	 3.284041e-01	 -4.609996e-01
-4.605598e-01	 -5.964355e-01	 9.228884e-01	 3.264535e-01	 -4.605594e-01
-4.601278e-01	 -5.947999e-01	 9.193291e-01	 3.245297e-01	 -4.601274e-01
-4.597039e-01	 -5.931855e-01	 9.158183e-01	 3.226334e-01	 -4.597035e-01
-4.592883e-01	 -5.915929e-01	 9.123574e-01	 3.207651e-01	 -4.592879e-01
-4.588810e-01	 -5.900228e-01	 9.089477e-01	 3.189255e-01	 -4.588806e-01
-4.584820e-01	 -5.884757e-01	 9.055903e-01	 3.171152e-01	 -4.584816e-01
-4.580914e-01	 -5.869524e-01	 9.022868e-01	 3.153349e-01	 -4.580910e-01
-4.577092e-01	 -5.854535e-01	 8.990382e-01	 3.135853e-01	 -4.577088e-01
-4.573355e-01	 -5.839796e-01	 8.958460e-01	 3.118669e-01	 -4.573351e-01
-4.569703e-01	 -5.825315e-01	 8.927116e-01	 3.101805e-01	 -4.569700e-01
-4.566137e-01	 -5.811098e-01	 8.896364e-01	 3.085274e-01	 -4.566131e-01
-4.562657e-01	 -5.797152e-01	 8.866213e-01	 3.069069e-01	 -4.562651e-01
-4.559265e-01	 -5.783483e-01	 8.836680e-01	 3.053205e-01	 -4.559259e-01
-4.555960e-01	 -5.770099e-01	 8.807778e-01	 3.037687e-01	 -4.555954e-01
-4.552743e-01	 -5.757006e-01	 8.779522e-01	 3.022523e-01	 -4.552737e-01
-4.549615e-01	 -5.744211e-01	 8.751923e-01	 3.007720e-01	 -4.549609e-01
-4.546575e-01	 -5.731721e-01	 8.724998e-01	 2.993285e-01	 -4.546570e-01
-4.543626e-01	 -5.719543e-01	 8.698759e-01	 2.979223e-01	 -4.543620e-01
-4.540766e-01	 -5.707683e-01	 8.673220e-01	 2.965544e-01	 -4.540761e-01
-4.537997e-01	 -5.696150e-01	 8.648396e-01	 2.952253e-01	 -4.537992e-01
-4.535320e-01	 -5.684949e-01	 8.624301e-01	 2.939358e-01	 -4.535315e-01
-4.532735e-01	 -5.674088e-01	 8.600947e-01	 2.926865e-01	 -4.532730e-01
-4.530243e-01	 -5.663574e-01	 8.578350e-01	 2.914782e-01	 -4.530238e-01
-4.527843e-01	 -5.653414e-01	 8.556523e-01	 2.903116e-01	 -4.527839e-01
-4.525538e-01	 -5.643613e-01	 8.535481e-01	 2.891873e-01	 -4.525534e-01
-4.523327e-01	 -5.634181e-01	 8.515236e-01	 2.881061e-01	 -4.523323e-01
-4.521211e-01	 -5.625122e-01	 8.495803e-01	 2.870686e-01	 -4.521207e-01
-4.519192e-01	 -5.616445e-01	 8.477196e-01	 2.860756e-01	 -4.519188e-01
-4.517268e-01	 -5.608155e-01	 8.459427e-01	 2.851277e-01	 -4.517264e-01
-4.515442e-01	 -5.600260e-01	 8.442512e-01	 2.842256e-01	 -4.515439e-01
-4.513713e-01	 -5.592766e-01	 8.426464e-01	 2.833705e-01	 -4.513708e-01
-4.512084e-01	 -5.585680e-01	 8.411294e-01	 2.825620e-01	 -4.512078e-01
-4.510554e-01	 -5.579008e-01	 8.397015e-01	 2.818013e-01	 -4.510549e-01
-4.509123e-01	 -5.572757e-01	 8.383642e-01	 2.810891e-01	 -4.509119e-01
-4.507794e-01	 -5.566932e-01	 8.371187e-01	 2.804260e-01	 -4.507790e-01
-4.506567e-01	 -5.561541e-01	 8.359662e-01	 2.798126e-01	 -4.506563e-01
-4.505441e-01	 -5.556590e-01	 8.349081e-01	 2.792496e-01	 -4.505438e-01
-4.504419e-01	 -5.552083e-01	 8.339454e-01	 2.787375e-01	 -4.504416e-01
-4.503501e-01	 -5.548028e-01	 8.330795e-01	 2.782770e-01	 -4.503498e-01
-4.502687e-01	 -5.544431e-01	 8.323116e-01	 2.778690e-01	 -4.502683e-01
-4.501979e-01	 -5.541296e-01	 8.316425e-01	 2.775134e-01	 -4.501976e-01
-4.501378e-01	 -5.538629e-01	 8.310734e-01	 2.772110e-01	 -4.501375e-01
-4.500884e-01	 -5.536436e-01	 8.306056e-01	 2.769624e-01	 -4.500882e-01
-4.500498e-01	 -5.534721e-01	 8.302402e-01	 2.767685e-01	 -4.500495e-01
-4.500222e-01	 -5.533491e-01	 8.299778e-01	 2.766290e-01	 -4.500219e-01
-4.500055e-01	 -5.532749e-01	 8.298197e-01	 2.765451e-01	 -4.500053e-01
-4.500000e-01	 -5.532501e-01	 8.297667e-01	 2.765168e-01	 -4.499998e-01
